elev.dat0.txt
ncols         813
nrows         326
xllcorner     380045.00000346
yllcorner     493695.00002474
cellsize      50
NODATA_value  -9999
[rows 140 to 159 of 326, columns 184 to 229 of 813]
460.419655470857 468.756091225518 476.215405837868 485.345183699753 492.576892832172 499.263259843481 508.370536297275 514.628067468553 518.072109236418 519.670744585121 517.689763712625 514.670837631577 508.486477638071 501.22218178471 496.109971976931 485.098463445744 477.930068751336 469.43969019714 459.625599946326 446.827168246567 442.438425311283 464.399913152578 473.435166710724 479.770782678407 486.541063057204 498.023320255357 504.311157276493 510.090802882064 516.429159575659 523.317695183216 538.86973985761 546.409150965694 562.587700595726 568.091964901953 572.966902424195 576.189551806921 578.803138538986 582.010148436307 586.00287968296 590.849536884739 595.366179548434 601.2340971835 608.810633309072 615.914977999754 622.634134864495 630.197847566417
461.007152692516 464.291308822181 471.579706683376 480.009507394508 488.084284600387 494.328630087515 500.851719863234 512.223361288146 516.169566674901 516.978426220254 515.368380202735 510.370404939881 503.887087794261 498.407367808132 486.897458571372 475.811372848704 467.410656710186 463.043751584628 447.168582601957 440.273671705848 456.456541925868 468.003064222918 474.804113458714 480.215848230044 488.282371856327 498.919688866649 505.578913563615 511.858235212159 518.931136357001 525.390398091132 536.355721042322 543.847617748117 561.709804629477 567.70279325725 572.200079212169 575.310342251426 578.019800651644 581.99202741042 585.128872859363 589.130357473876 594.52760962968 601.209726489416 608.786476565913 616.278557936056 622.990125891572 627.953754923252
458.716001774469 462.368885318538 468.827125377392 477.256526065206 484.955142073023 490.403181412185 497.305681374177 508.804516658914 513.460091455291 514.270665742726 512.24481747777 506.930027437649 498.121202286463 492.255804449791 481.507189936597 470.845148664561 464.471742019569 450.709177375187 439.071594595792 449.082741402221 461.747270567819 469.071618833481 474.068599274848 480.816098056224 490.849717131445 498.914364447199 503.479060346541 510.643460549407 516.861975976122 524.877958107792 538.455853162955 543.396846324695 563.755149057497 568.070278883066 572.538732135074 575.657812933614 578.031548137773 580.65917055746 584.705179943343 589.110560500278 594.509570354446 599.843309364606 608.772341347817 616.77720572536 623.449224224197 627.535445216546
456.077523562158 460.8187652326 466.52139703015 473.516499906971 481.462996152299 486.911106657234 492.739081378826 500.416982943509 511.101741170816 511.118621388552 505.750364771173 498.92531416705 494.574381949858 487.625946735028 477.655230140923 466.789725251146 457.153816391741 439.269909563693 437.682403466351 455.043784157215 464.857947255064 470.750006915274 478.317207623794 483.320545680515 490.885618284906 498.037709019045 504.31668901265 510.975835899964 516.486836301427 523.69820044421 534.753808113411 547.654223599349 562.127930503029 566.82425282542 571.276388119416 575.288921728792 578.389654034508 581.468564990968 585.081571208525 589.116003882293 593.605715168292 598.554867668336 608.738063800292 617.11603598007 623.440740747641 627.11085312702
453.856579317136 459.23261504716 464.272168739769 470.84769917399 478.471139489735 484.579675195055 490.775717000736 496.582463712578 503.426594314818 500.801494636227 496.259652668692 494.589737111219 490.731937523063 482.621699084095 470.446896950984 462.341543135107 450.538859332603 432.034414688101 442.370606281794 457.730158465784 466.285951875793 471.789612411219 479.275031180043 484.26572390983 490.058162815156 496.778892927603 504.351018368084 511.061272764266 517.82901527856 527.915210282257 535.747023765569 549.80623727786 561.769972258102 567.175704591206 569.964378780366 574.406637333455 578.375326656696 580.630835410817 584.709202239631 588.706108515703 592.713056196273 596.809803602107 606.097044827825 614.967894697401 622.035640686321 625.705123272562
454.183041343658 458.799961038934 466.005219279882 470.413949599735 475.803051040525 481.485908878028 488.048198671178 491.192065472862 493.114482911621 495.755973459991 492.689489332518 491.124656565059 483.884677666771 476.165879581185 465.812618868095 457.251449045665 440.513436341447 430.608271900339 444.935201402198 460.666417280258 467.684107337834 475.202342851773 481.417829682176 485.965732770429 491.396178270362 497.321789257072 507.77202213519 513.725849620086 521.64476274523 531.859172317994 537.99037679402 552.412014644373 563.552555085912 567.684938785645 570.452158494971 574.792478015294 578.349896625059 580.624756068199 584.209214368699 588.191599798949 592.67153709312 596.767250751259 604.715586293407 613.182503078545 619.001234748791 623.904812086643
453.766093388492 457.347980632051 464.141090757126 471.103540933558 473.792813901238 478.101039778798 482.305050071683 486.179092294537 487.70044194399 489.568309021446 488.077476927844 484.183735232288 478.860693474625 469.999273059758 461.474114979938 451.840399643614 427.546274882915 429.03011154082 448.611009945634 462.158396454866 467.680441032057 474.826253584315 481.00838339173 485.629370838345 491.451820605266 499.071193839971 510.796477969019 515.872013557609 522.2640307475 531.107107782713 541.310975706154 555.439626928262 564.470122559184 568.56683208846 572.534033467093 575.643921296881 577.499304800062 580.203203778224 583.777335545549 587.300205494335 591.312390644521 597.178667700081 604.659281315554 611.836792659171 618.044328802675 623.432006646887
453.011626780138 456.10394492879 461.113658623804 466.121650265435 471.493297679702 475.395191348074 478.499806495291 481.190758954467 482.697612441265 483.877979194093 483.059844029706 479.154451004545 471.918360622829 466.464716142699 457.20083687226 442.531724259312 420.19268242593 426.788693992335 447.949579292538 459.136415044277 467.284311465372 469.413459180044 478.876190061136 485.916804600963 491.788311655003 500.299866299737 510.777669175717 517.236301992125 523.106129877874 529.399346449443 541.384080102313 555.147746855701 564.865991176307 568.971321577805 572.187946535646 574.415351668662 576.619854196207 578.837709356793 582.027389109238 585.997737338793 590.494000297562 595.404886863807 599.872603984217 609.111690843522 614.956560365875 620.732729627444
448.863029246371 453.827104165871 458.80164975964 464.565407646907 469.955096153486 473.468618409112 475.000311484046 476.889054537125 478.079706104191 478.84658730014 476.467235204885 472.298907471114 467.314708439067 463.406124970682 452.906414259424 430.707413712965 418.296172409246 428.578915483898 447.855710795484 459.20407204569 466.729196206496 473.029017260872 478.9388767981 481.82810076593 490.637835322544 499.078098256645 507.087689816812 516.420239278415 521.443290100859 528.623787555625 541.888927566939 557.67062044257 565.410337796696 568.607903011903 571.677365795 574.759245839204 576.215145390194 578.425473306441 581.129005101512 584.718087927073 589.106006344214 593.108550368055 597.618355365221 602.549737092397 610.458747798064 615.872999063809
448.764050419467 452.687677863276 456.905340446272 461.123465684779 467.256164215979 469.981700623904 471.886328449335 472.695783596835 472.691670889009 470.828492621484 468.844067076131 466.917497391426 464.542961193272 457.966133310666 446.968201375137 413.595079249311 417.247040652492 429.083419558393 448.531766500289 458.797149643653 466.794479667385 474.021831203459 479.800174077184 489.337589562805 493.944986907935 500.65294099237 507.977673943538 517.224381734925 525.244785862778 532.068159952721 542.406104391959 560.699261457157 565.875420528338 568.99325232953 570.456447822303 573.498321791523 576.197599737312 578.781266602367 581.107636106189 584.217349458539 587.812761235184 591.79858026094 594.547174901273 598.554326305425 605.170488779605 610.097016119447
446.914857995271 450.730552501636 455.777541632296 459.593878561291 463.092464847908 465.789170814241 468.461190081359 469.552119669328 467.701340632107 466.506156158137 466.457352681602 464.523960999961 458.690802772744 450.447750718094 428.925220071264 412.243681021989 413.773267344123 434.405858576833 452.742042088408 461.449995081455 469.509275392886 474.922273543612 479.513888578768 489.021347339299 494.028803503837 500.735112333675 508.767936135053 516.847158316492 528.714247763126 534.715335090288 541.206918550451 562.465730496582 568.453624435632 569.471316841941 570.451522685054 573.02218356151 576.183781273077 578.790155614721 580.631322218438 584.191068878628 587.303103944182 590.872216693652 593.589166961175 596.302304566208 598.580622605416 604.698692805107
446.875942958999 450.403937785167 454.582033582735 457.69185778562 459.61648261478 461.512370390237 462.715098363185 463.79157767339 463.780913886661 462.683639441457 461.071780265267 459.064065403299 448.985381723142 430.924505394402 410.368544704099 411.694117184749 422.187325706364 445.467462475871 458.104451531391 464.720616184468 472.11005558271 477.905303591664 483.250213240613 490.722927470109 494.114792526357 498.738221426694 509.211747897098 514.899075292252 530.827619194335 535.665885917015 545.080831846436 563.027627624845 566.329890792521 569.474328533778 570.834104986668 573.872058848031 576.207302359813 578.400026760206 581.086850251137 583.782931826572 586.39007481249 589.562774510773 591.785445496361 593.989049042672 594.996152609762 598.996083528155
446.854626699652 449.994788035904 453.393576718756 455.807149222828 458.091142859568 458.810653718161 459.223824377582 458.855384273104 458.852055838791 458.793746179291 454.944677396254 448.940236977468 427.291605092947 405.919083165716 410.081128825944 421.743952826288 436.491175365368 453.591022707724 464.33776168846 470.572168483536 473.147925737638 478.407205655329 482.525827344581 489.667473424779 496.245248819258 503.018173770768 512.115980277555 517.507191392771 530.879254602022 536.220712214443 552.116937650787 564.670643005731 567.17218662586 569.00434219103 571.68229008503 574.386335078758 576.568133822725 578.394459770406 580.201702959883 582.395591546405 584.693278020347 586.897693006032 589.106515146096 591.309368430286 594.488610277469 598.492640472419
445.686747799705 448.819621559966 453.070078553154 455.383497751052 456.501501741952 457.314385400761 458.109078917308 459.185434756042 458.061979439891 458.236147431964 449.67121959197 427.889589258564 400.435423233943 407.203667400305 419.872613456712 432.883952259411 449.494830361035 458.359594476542 466.327571609022 471.265563026954 475.284956602195 479.320571257885 484.810453808676 491.402672905427 496.82153116289 503.503797167748 513.156510375156 521.648479706578 529.797299451323 540.634795854931 556.718371699606 563.612724549889 566.772876289167 569.013473190474 572.177515852927 574.377443910684 576.190257216419 577.502612826563 579.284844258367 580.603923759704 582.871083996291 583.829612574381 586.885859602675 589.126117160367 593.079833631329 596.665670415223
445.354881359922 449.180613056257 452.281798763571 454.194252955445 455.032291691608 457.676875996966 458.789483385303 458.077805649223 456.392716023997 447.832831374606 431.381951882585 405.664097365662 398.396439870241 406.893365806244 426.811605519087 442.994773838645 456.008365103396 464.381810740957 469.014830957795 473.06980324013 475.769311608612 479.538467910529 488.961801854368 495.704930490696 499.837349085051 506.540312918194 514.121684617047 522.197642966996 529.516104962678 542.760554390284 556.862740376196 563.096130196927 566.749016245826 569.863947432858 571.68567110466 573.879132584694 575.674602881592 576.591767860791 577.499098249118 578.792466551957 579.711747049797 581.137719011117 584.188429461836 588.154333917302 590.498801103736 593.122184035984
444.182567811194 448.775450684153 451.103484033889 452.714715173821 455.768474030795 459.172885357937 459.562263122426 455.355764729007 449.098260943304 433.259418512662 408.519628745119 394.342060368912 408.641615772319 415.623293176909 435.130497393279 452.771133541739 459.663165959578 466.700100017287 471.585909700765 476.626681703475 478.497273030231 483.015713486872 492.198615037563 496.397560548874 503.883273265372 510.550805700408 515.947471391547 523.582736695452 532.530713015497 546.631834467153 556.84083445158 562.715907860994 565.883846606943 568.95887653124 570.785657274962 572.584048908605 574.36304896164 575.259243242563 575.299111490752 576.572809397055 577.101621122057 578.792110409347 581.498820560756 585.078023165882 587.791685793307 590.891361641747
443.38650914042 447.29146010534 451.044070406937 451.903520251112 455.777401478745 458.361304168101 457.251160586099 451.047376671406 440.944067891385 418.673609019912 390.712259648872 398.726728781823 413.845389401182 425.022904890273 446.19421533547 457.160681500956 464.432562887201 469.378074588591 474.41714106483 479.314503806673 481.171391275761 488.144216254505 493.939228509063 499.814544658359 507.792368846882 513.642698424667 518.691463622998 526.254733833967 535.703370087372 548.667464063254 558.612376667657 560.629525965973 564.955529140207 566.780969190947 569.448306135475 570.767751680991 571.28183353635 571.684364826998 572.57251639079 573.461089691346 573.88277928358 575.28441150081 578.355085066936 581.920415736018 584.160504991716 588.120442566866
441.875798959163 446.081397902507 449.162719693705 451.086792120777 453.390340781698 454.581559846967 452.275835501458 446.799356622265 429.87749690999 404.24223612129 389.246338437462 400.39237841704 415.547267566917 426.18200752871 450.533309543069 459.945793270551 466.663935266201 472.603230659883 476.66270590897 479.355642442409 482.602585825168 490.394939419165 495.426968178686 501.639213081328 509.636384503513 515.917365808815 521.727867661585 529.754263689751 538.101152404707 548.437054644801 555.894638444913 560.914266338441 562.738182895645 563.687584385883 565.856732311642 567.144480049704 567.632858468582 567.170133524903 568.059290597668 569.416263598748 569.002039652062 570.764842163989 572.969418661498 574.796621129337 577.496838211862 582.31490770452
438.84404935653 444.1680494656 448.058414096577 448.819346966349 451.09658972916 452.659110715279 448.354013560607 440.557479968166 419.12497791695 393.107498119146 388.179420855958 406.136749896386 416.224416876128 428.009262499025 452.237558073177 462.601484527433 469.104156279024 474.439717262889 477.970276607965 482.001262452971 486.820686776999 491.405317520569 497.19520736623 503.861050962588 510.628002821172 518.844455991129 523.967083579903 529.737118610436 538.172962064028 545.319699741157 550.303858181132 556.042544775125 558.25424838224 559.646021406933 560.531562900147 560.543613635103 560.548855238504 560.581969301374 561.392891790749 562.757102665666 563.196310933983 564.582680105866 566.301220023297 568.11405021348 569.116671211266 573.51738996516
438.343125321713 442.664169801506 446.048229978481 448.367991270107 449.579131408353 449.557349286622 444.138782473968 431.39562423416 409.115534008746 380.581083834095 387.346843343619 408.23043298326 418.811592906707 430.346194360469 457.392999175538 464.997260703451 470.026854080166 474.881702975239 478.906586852048 483.258863385384 488.587760097739 492.273447568487 498.01835430797 505.090775195006 510.951496324655 518.484690584209 523.42558547658 528.398286726626 534.21677401502 541.244771052762 546.267474923892 549.788041957601 552.471578972822 552.992064856462 552.126608447241 550.771478561352 550.780489588573 552.997202303332 554.293889660453 555.211744948555 556.958198244802 557.074519686334 560.093600157099 562.762798472542 564.123688904083 567.190183396336
