elev.dat0.txt
ncols         813
nrows         326
xllcorner     380045.00000346
yllcorner     493695.00002474
cellsize      50
NODATA_value  -9999
[rows 120 to 139 of 326, columns 414 to 459 of 813]
426.357790330695 441.87843913472 450.185315246643 456.707969425139 479.943645451454 490.947118352068 491.023558280072 492.382144436735 491.396672762049 490.935299393393 486.86920001442 480.995779463987 476.826134390385 473.703993450506 468.922858335233 462.758610904254 458.243733699172 451.791658163961 450.029699027112 449.211328857882 447.456467813543 444.406153347412 442.298707940175 440.827876292941 437.49372731637 435.622627231589 430.860441710855 424.360352929544 425.081084709245 427.477408496995 430.935653203236 433.312758474349 433.765867808153 435.725116043809 438.628138415628 435.162002772181 440.162301445378 445.350228679476 449.539883646192 450.571283096777 449.924259531478 450.228954018933 450.260553496428 450.963232687018 452.3585189815 455.401928100692
425.731765019856 439.168380931861 449.207699248346 458.383975801109 483.231355292576 490.914231500429 491.004643954753 491.007769660109 490.994857954387 489.576377101269 485.779336531252 480.32774918858 476.776548183051 472.671869202801 469.162666295029 463.682217991922 459.109675343155 452.372729665783 449.546248659227 443.869469533179 440.116488198455 438.888154855318 437.774911196163 434.061313450885 432.994874263907 430.587945389016 426.389626039291 419.019420288231 419.783124683584 422.578858647766 424.720682754813 426.426806168549 427.147570005085 428.140615793914 428.559285968591 428.941679297635 431.995187252372 437.131248584438 438.900106744266 441.660514048788 443.36248590654 445.175499594894 447.819673878758 449.211340902785 450.250381654103 452.746655232549
426.151966334362 437.166520049258 451.60477112607 462.518423396925 485.585784318664 490.930262382415 491.686138208987 491.393625429334 490.971329670562 488.584925198915 485.088261869761 480.980221872898 475.79864618593 471.016509395343 467.19018283387 462.323030187512 457.782550730015 453.654341458883 449.166116713127 445.6801611785 441.242987058116 437.482065151516 432.693765534454 428.918052986061 429.11523239568 426.377707315979 423.25994152149 418.044173424477 412.262600464502 417.751130358729 420.510938107418 422.590652783269 423.278616532805 421.987560895625 422.715397015975 425.09380414279 428.869997387073 433.339708523976 437.507089684861 438.8552025984 440.024471939684 445.740562134662 447.099688219342 448.219856259055 448.975019362712 453.664351763857
430.139644300796 440.298795112696 453.820338683756 480.613054822219 484.724990027203 488.178999350314 490.977475867476 490.985961183109 489.588543179329 487.871945175877 484.769843808235 480.571394228834 475.778107150047 469.916943922648 466.447745789656 460.993395068245 455.824558047378 451.31105803421 447.784644003182 443.686696313384 439.235718517362 436.090170915132 432.55925472228 427.105378051904 420.718425986255 422.1879848517 420.092149294333 415.197928134636 409.054875393681 412.565709292838 419.084094181233 418.747112828947 419.134026427924 418.87530513761 419.976886534511 424.731480124243 429.880564950165 434.380047585787 437.100871019926 439.850898094728 442.004554836477 444.408018529958 446.798996026134 448.476283711226 449.907911168208 453.973949788647
436.584889666809 450.003601541103 459.218894264711 480.776284544221 480.622814672603 485.778275959253 488.876509891664 489.578807014434 488.181883517961 485.782732299685 482.689162586802 479.279101510145 474.779230932133 469.883811266232 464.352986522714 459.202597071099 454.6779191055 448.96411790072 445.429208315482 442.285147354205 438.190410454623 434.67667509669 431.153775796382 426.089851690738 420.812924236709 409.54829552875 412.566662243212 411.365925896563 399.760890623701 406.920671742446 413.527467991794 411.600652259942 410.642565596674 419.042414904381 422.942061404944 426.747646311799 430.580542821902 433.979810545237 437.07794778566 439.516825714262 442.012017585339 444.411223629247 447.05574017838 448.877950961462 449.915318249765 452.689644154479
434.901422853126 446.352835252701 464.285650575251 471.256121456817 477.883981794564 483.071829803252 486.176014354911 486.881869013984 485.785702881641 483.386848960408 480.580723830275 477.178514507655 473.371069036905 468.562457505694 462.008195351865 456.800759181344 452.309828957692 449.161104695033 444.678485332943 440.61896545649 436.445046327425 433.284774742633 428.82037715434 424.986017410127 419.718583986553 411.883474966036 403.495388429447 403.558576454244 399.107702289535 400.632061892707 408.96826410533 409.109959726483 412.863985479856 419.392331004864 423.549704582331 426.104275045854 428.841811495378 432.61758258104 436.797865488432 439.896372159008 442.298092590393 444.672384187716 447.075044178839 448.890878658432 450.884261259456 450.621880209333
430.499585520687 443.293702994245 453.765213687479 467.843156802984 474.772275189927 479.577471813974 482.677349879784 484.074815084117 483.087014015193 480.593182628909 477.875998213466 474.093096627581 470.583235071561 466.462836336809 460.304552180734 454.715511780305 449.654793544052 446.132091617289 443.287044545443 440.81279952428 436.33935436512 432.225453132787 427.754104998563 423.517944635652 418.440098649044 411.157975642504 401.313100285935 396.287639599831 396.136668804621 399.736266755401 400.660572498862 406.612160214919 412.836164566908 418.716979532027 421.882801669582 424.722655023568 428.497208362292 432.31132482596 436.770106126747 440.795228476089 442.267368217978 444.674930525593 446.785242951759 448.493406354799 450.883104762227 450.894843821977
424.8292468879 437.264442214033 453.429262471675 466.049313599791 470.999038918836 476.156010768699 478.169032759503 480.248871951534 480.936396797999 478.146985975154 473.689816926951 471.258608477205 467.462661883695 462.991987359381 459.171760101782 453.9799652942 448.894138431276 444.413780428169 440.634187468792 437.124970620067 433.692270716752 429.210358890618 425.008433419896 420.238303226484 415.715326360795 410.843844556183 402.144951197303 389.582097177841 389.257720146275 394.477586008278 396.210722738647 404.904741876613 410.201407988929 415.020337923031 418.86037350268 423.974853614837 428.083952500083 431.894883482608 436.068974776662 438.773476822424 441.284884576009 443.690289704735 446.08715052151 447.793876305206 449.581469573632 450.870965744846
427.45712797069 446.961802907761 459.768034853604 466.44712533465 468.202124420348 470.294079557915 471.309906032692 472.408507552586 473.375684529401 471.680420640945 469.179626513771 466.089980562723 462.323720115369 459.598392286455 456.477610826743 452.667664759777 448.164804159119 443.290030120249 439.194508812151 435.029567525219 430.938706725219 427.106027948877 423.261716933414 418.498522333391 414.643661682533 408.793299891432 403.474444136185 392.093480676126 380.863311469716 389.044448019311 395.091072609099 402.895303159766 408.135473245338 412.918877824415 418.463174777314 422.579468012021 427.34213959432 430.883021682983 434.358817490263 437.090309601177 439.897128040084 442.597226985129 445.37484793591 446.769977768243 447.075949157731 447.079103266779
436.634135288898 452.543236213189 462.219432222684 466.44813100246 465.387960300127 465.104674473881 466.096414770491 467.176282048035 466.480321233147 464.405989401025 463.674383547319 461.289865578376 458.883437683752 456.095192064452 453.38342814135 449.215581727015 446.08143008653 442.261789936972 437.761756399209 433.676346836453 430.793820085778 424.957652772156 420.860390582392 416.379370407386 412.805784643879 407.630824062394 401.659345263581 388.062807688394 377.079048430871 389.492495114987 397.285910913869 403.806814364091 407.37413216024 411.882836538081 416.653781413667 420.502308602058 424.707611470878 428.781847216414 431.880989781034 435.636756609048 439.141223492985 442.262951134973 443.959276506197 442.022804924368 442.607786799164 442.325890917999
440.073809348388 455.966269595788 462.94768293951 463.385482241413 461.043491486247 460.347066263918 461.298712699 461.29006515916 459.901036395203 457.538641218116 457.488465287411 456.473783603117 454.00203807989 452.960213248169 450.170983423472 446.777317880906 443.274322975486 439.856948867592 435.361323172285 431.137566955675 425.714462810207 420.943504914631 417.094299984403 413.266612828677 408.762938218219 404.255780127944 398.204198256848 383.903924816741 371.260618737613 387.491224436079 395.945024416214 400.497607334052 405.296079804969 409.518237338767 413.637406960889 418.136601737047 422.989961715067 426.406329874701 429.498584712637 430.974736219093 436.376404322565 439.193853104981 439.520554648425 439.526271897105 439.917313939462 440.885616546665
446.800132245128 456.412546009101 460.939915667594 461.279331295895 460.972857799926 458.480304948166 457.188988550154 455.805252668633 455.084031419764 453.008470274732 451.322032419866 450.879720292863 448.907054254481 447.789565097314 446.074071809071 442.970988302412 439.178248933892 436.040284516992 431.546148673128 426.749903095063 421.882471215838 417.763700448779 413.555381559026 408.777764822048 404.273239698941 399.141514074306 397.045967882501 377.212425507051 368.473671522438 385.101155429539 393.494936511395 397.451341479184 403.294365442235 407.728276880854 412.238420081951 417.405392322004 421.593104071775 425.010232259922 428.077942561244 428.879283186148 433.70474644823 437.479621901339 439.18820890434 438.81439076493 439.201911127771 438.820206934386
440.207365654107 451.258811844325 454.698554792317 458.456867909082 458.16685745558 455.775834099061 453.007280595406 450.926636367568 449.905746882094 449.547241926548 446.397947587599 445.376829332031 443.319409394993 443.624363512179 440.577931431004 438.161229788602 433.97403436825 429.49883103123 425.683543056751 420.537444431555 417.722772568258 412.195134429311 408.998199848093 403.279686757546 399.437038517591 394.312062684125 390.944947950528 377.358303567811 361.615384029116 378.636161972606 389.323231253027 395.99855189342 401.491404828237 407.333988362613 412.549839138061 417.048488490375 421.154402093024 424.670799789867 427.083643034559 430.200881448121 432.624476513738 436.392549424016 439.190591630853 439.204757166375 438.811619605351 438.804243476162
441.239912788156 447.067315597422 450.591460795867 452.694993945015 453.676571740961 451.991279921932 449.889176470878 447.496618001138 445.406248621656 443.682538585591 439.963197217887 439.884348579748 438.766060765915 435.052555742411 434.358731605872 432.22005630495 427.754955894901 422.996837878359 420.136968687348 415.268954338226 411.43613683221 405.980876705693 400.777289571092 396.29900527921 392.86350991292 389.055487908142 384.483612542631 377.066888938389 360.199058642572 372.945972192929 387.600955758646 393.921561970845 400.084892315315 405.686339906494 410.210051020389 415.642873565763 419.774899792583 423.24497879257 427.092645846558 430.586470274119 433.980173879319 437.483991374246 439.497756987425 440.886847966613 440.884015788032 438.815274833152
438.105431280465 443.267629058874 447.073726973295 448.491867621101 449.572238477457 448.192381242013 446.773382513693 443.706257389216 441.588571834041 438.513465919944 435.439681283286 434.662579550051 432.5700944453 430.810842485703 425.692762162939 421.657759236858 420.153410170085 415.670245542145 412.494483205979 407.989010766503 404.153612744612 399.635347155656 391.290610195085 388.400714598019 385.563299196679 381.794377395157 378.514448454859 370.444642621159 351.951246692216 374.04570856321 387.112376642388 393.502467156304 398.791665359731 403.90121568609 408.430280921821 412.939696585579 417.401854828798 421.227254956065 426.387801186441 430.881280216395 434.69639862427 437.804128988523 440.874891774761 440.898077321584 440.89716723558 440.885937302844
431.177573935615 438.797397579844 442.984200265183 444.389049319578 445.081509082511 444.390360291396 442.985030293081 440.207453906938 437.798907285363 434.992873563662 431.877950843631 428.484894375253 424.743780469813 422.580117174664 416.794179182349 415.264577675954 411.201122857464 406.432029362359 401.250387698361 394.517361636005 391.344799160904 388.052531150431 383.627697971394 380.468251609826 377.248276491654 373.759647108636 371.673353965602 349.570649123233 352.939074838782 375.009178306415 381.011715755947 390.556725768757 397.407346469374 403.288074494358 407.740902557437 412.231118423347 416.426834520986 420.536011681689 426.38028347725 431.200629323456 436.091535004129 439.481701317839 440.892953393682 440.903236936396 440.900909918801 440.889210107269
428.72218132516 438.722968440325 439.203720168167 439.906154453385 440.591470795035 440.581811929619 439.480001775075 437.098912598878 434.978821183949 431.207148899359 427.391383193688 422.334349343259 418.814269355819 415.968274782618 411.857673746636 406.989938810017 404.221403569178 399.440407995763 393.612675854243 390.012459675651 385.830685982894 379.379928619212 375.918420163213 371.035311072317 369.071664589376 359.980477965107 347.581154593887 340.73590161031 355.88378211022 372.105329039566 384.442233420573 391.81390191001 397.051642078914 403.31984472064 408.784407938727 413.939681419667 417.773061071506 421.889922901473 426.803038967956 431.634702399857 438.453866142679 440.881211807389 441.990288033625 441.596964822031 440.903237217296 440.889814898653
428.43368182556 435.362045381724 436.789939911736 436.401827238689 436.39117604347 436.093484608953 435.679102250297 433.983639524513 432.243970276484 428.732266221335 423.55740180397 417.43865574223 413.298121554305 409.094293973634 403.938239570948 399.752152414703 392.280654110465 390.084349497698 387.351109387365 381.148280279806 374.339408420644 369.142875941435 367.221756690518 359.119598987791 349.379897038457 345.818348181124 334.507975276626 341.431372047974 362.336987925101 375.064380547073 383.532888625368 391.877065843782 399.062613627783 404.940491302421 410.409600047509 414.649776070049 418.101755895692 422.609163596909 427.819101797793 434.380155622878 440.827305496856 442.28826225885 442.591703258187 441.994436197879 440.905153308605 440.889209880125
427.999930448957 434.634072666845 434.677847157756 433.012190992918 431.923431872759 431.613980679124 431.5925654968 430.190756106418 427.38896536092 423.306531457957 419.177027424902 413.968821208875 407.70367653016 402.607837967989 398.738574899282 391.893898005132 382.394480110674 379.194068017911 380.963379576861 375.538322146372 370.626509212355 360.236079672652 359.460626935916 352.885269747257 343.371787102455 332.211277017677 328.948283370673 350.690612006145 362.596256598507 369.173209340479 383.206972874047 392.869123950591 401.042381262961 405.301485158361 409.143204155942 414.30016128153 418.525529823224 423.615476332324 429.496745257722 436.73875932709 440.878755124698 442.985430871301 442.596053438458 441.599721153624 440.902521455986 440.867057066903
426.332917365077 430.874623191155 431.888830208146 430.893777289879 429.206756654835 427.829951902599 428.464727023949 427.059888466467 422.992801098332 419.167887467402 413.999431564025 410.395634540806 402.210914579176 396.326805000253 390.592271532932 386.96995005938 380.075914490118 369.318944183769 369.060468843912 368.3280688145 361.995762960795 352.726681766169 346.59134242071 334.813588999563 323.728463465935 320.144721421685 335.707274548787 359.740463465815 370.889964607782 378.909447476611 385.982485584461 394.262309233499 400.122284965479 405.965573169715 410.873366248931 415.684947797152 420.200201962996 425.379745230216 430.212387431379 437.767028470535 441.291150664177 442.990893946779 442.5949482054 441.30355126151 440.888860759261 439.518287114382
