elev.dat0.txt
ncols         813
nrows         326
xllcorner     380045.00000346
yllcorner     493695.00002474
cellsize      50
NODATA_value  -9999
[rows 160 to 179 of 326, columns 414 to 459 of 813]
269.444568999147 266.508653227669 264.248787752633 261.556012678198 259.138896898592 258.224845534635 252.456397486578 239.252134501289 248.764775224548 235.112454777677 234.653692003077 234.195022124026 233.730527621302 233.259568535973 232.78142448903 232.295514480018 231.800882748286 231.246429046603 230.681866706351 230.149388588964 229.641926986277 229.150723461162 238.683988226335 228.28068865023 237.983306334833 237.845128803318 236.851313903314 236.386121520565 233.752877472019 238.654949780909 241.05441121622 252.234530365506 261.889164547423 268.162664024318 275.052200393721 279.070133950885 291.022888316959 303.208235712414 318.656320411785 336.471992400009 343.059045680776 363.070946514859 378.846573307741 379.359922471601 400.101023992587 424.153991273494
270.860923648073 267.234552319277 263.429826548591 261.51244894348 262.696231187449 266.013037663496 264.971497826223 258.930046529724 259.320140720416 251.761991719538 248.728695051616 248.617926247338 248.587125518466 248.56575332882 248.496068737962 248.782183425337 248.597846422833 250.862667285463 248.53166440747 247.04080910141 240.470438199368 228.665578756944 228.179009959343 227.677986842535 227.201531194538 226.713844443284 226.186692458646 225.680694601572 225.160790972773 224.648195552818 224.142635782797 238.739226745006 247.99887828193 254.957202766048 259.857669288014 266.376616425257 278.417090335354 290.326851770181 307.521726561849 318.963554242807 327.092688269373 346.913923270089 363.743488692547 371.513063239479 377.782796636402 410.664789163871
268.684104411456 268.308716176962 265.34471339591 265.909577922407 269.422318115021 270.537744999108 270.766562274942 268.764450028635 266.298498832092 262.586512074329 261.492485688039 259.88069070322 258.860104572601 260.125861837822 255.236126689353 258.780364267126 260.523365437121 260.481701588412 257.074075935012 255.629199453 252.553241741904 248.485948307612 241.138238722583 240.649997372973 238.961532536242 238.875167442898 238.647010058288 237.886116467993 236.173609172751 237.141329301466 223.648122510887 223.124155302407 222.625733850806 238.773953617343 244.158350251782 249.07212642541 261.033628807443 278.486183476815 294.335054136216 303.217658899734 313.415829861207 335.481085583466 350.384766979851 358.403499950292 380.875390026451 388.182500666125
273.777286079864 274.401410415206 272.083249814317 272.353038587756 274.359298204674 274.403594879519 273.119250909808 273.07726164493 273.342043046051 270.634607668515 269.903545164692 270.55450364688 271.528394118739 271.515239247159 268.918907696892 268.541160260172 270.782035886862 265.480286377638 264.008655606709 262.611371838996 262.911437858282 260.487859868702 257.383117252839 255.982491911237 253.900116950334 251.103747407153 246.381957251718 243.006739538792 238.834865828982 237.793113573034 237.765726361139 237.713724626829 222.140207852004 221.650085244758 234.560379444525 238.326806984736 249.977670425396 266.408154550382 280.635000310555 294.083243255675 311.645676567539 326.228139639103 341.957630715607 352.130281826605 359.633229585521 376.399102355562
284.986407465509 284.688023830218 279.872984134153 279.167784760527 279.568733734706 278.571279854879 279.576860712127 280.244476141199 279.868332480993 278.532803616558 278.235926467582 278.948069944163 281.270911868874 281.580040264923 281.532505933858 279.902618227332 278.867796450936 273.177865261521 271.042588648167 270.019855745986 270.205511605761 265.507995272304 264.7243516171 264.367851984044 261.283118767346 256.796034662068 252.979334091771 248.768110848671 240.601758416174 237.86813979668 237.80553610785 237.773754679995 237.630024037165 221.164041887158 230.720755806147 232.101805302143 238.332006299418 255.99038338998 270.060101039281 286.683041386519 302.662918309536 320.529590219911 331.626206347167 350.805866979966 352.914384161844 367.112561375934
293.993522607375 290.960532341758 284.948532568058 284.458331093119 285.122980970948 284.85323693506 285.158927874816 285.843092337294 286.518651017655 287.19319902863 287.511568409919 288.891109879849 291.59265349097 291.253172287911 291.886650303268 289.86864809489 290.80946130364 286.43739492907 285.680236706015 284.023731104996 281.543480487272 276.133401407173 273.400631813312 272.639951628988 268.832208043323 262.588363055057 258.78468273878 253.299969667995 249.125436649204 240.284874623328 237.844808423329 237.719728718331 231.347777532628 220.687989890401 220.198704250706 230.31411572599 230.8360250491 239.470017591819 254.773388827706 271.642754222342 292.896356462705 311.171186728206 316.777133281839 336.766512052436 344.619582398627 363.367773463061
302.528684727088 297.393018142722 291.175674503291 293.361916492627 292.726618301491 292.433215541103 292.709729263348 293.018158630376 294.093608282099 295.753497967147 297.424282267436 297.86931481963 298.561890040593 298.199913117339 298.838300996482 297.203821858189 296.199510891806 295.099217696586 294.764189511639 293.677733574897 292.92284314441 288.453400239704 281.050200557358 275.454221983596 271.320080856647 268.186191120874 264.384351259036 257.527144546333 251.248448619996 250.81638506562 239.865196112213 236.409665614206 232.921545864263 234.524765292421 219.716803892172 219.224503830582 231.015277435811 231.206463292372 241.778471307041 256.304559215716 280.448644078292 297.02003734212 311.920189798392 323.783354221474 340.997283492106 350.068749558681
306.150753847566 300.864562155877 300.724686881068 302.372912718953 302.643955161687 301.613047377031 299.990131473392 300.912035679867 301.250519140123 302.632357123468 304.430886032062 305.067901909587 305.459763073801 304.127511914288 304.751347756734 303.769823909433 303.068022223785 302.665504666296 302.65093351549 302.632921239952 301.244552077742 299.210910376229 293.61088586074 282.347628420687 275.854719309853 273.385654227232 270.827497600846 263.002862030742 257.127740982793 251.897198032048 246.050945251909 238.536894310802 234.36918412945 234.324395212296 232.743311452342 218.736783791497 228.529350480462 228.954373297813 233.821298147476 246.262509890938 263.330088412741 281.011236080416 298.521630703755 315.182513186144 332.299668366814 341.480310160799
310.25175052424 308.862615457547 310.245665117321 311.928803729887 311.325471046429 308.496816381931 305.529543796165 306.453605826623 306.488381607134 306.263401279026 308.882867677334 311.338264819181 311.362072543224 310.955658101034 309.320283639492 308.632817164266 308.613657817325 308.319686053937 307.926020352348 307.897700850177 306.890355448591 305.44888205586 300.272890194891 294.736637622808 284.108343262619 276.856811519437 274.384965490553 270.84511537034 263.90997907006 255.40569399182 248.812644169663 241.681320986935 236.473194158191 233.801135482301 232.061646902296 218.259255133312 217.770163155832 227.882945682926 231.293581300911 239.27533519431 249.366452284981 265.451348049687 284.102319869414 307.06028736975 322.697650747989 337.865361021801
313.468207763445 313.214454223484 317.862037645523 318.958030275114 316.820646852686 311.763145515001 310.089733114958 311.367718995512 311.386171715692 311.043455340454 313.103531969628 315.473800764212 316.1793221609 315.510744351757 315.197606673789 314.805840133713 315.185767596492 315.474416330686 315.174808679911 314.088461064196 312.681413309866 309.30525465998 305.789445652186 299.577854869673 292.356640166253 283.706879222174 278.86362995537 268.980150333177 264.703241174469 259.470636482088 254.924495180668 249.108324830759 239.867826201218 235.422316012328 230.890316238648 228.797484164588 217.285795030966 227.197768168138 228.279528144423 232.719894683512 241.903276728563 248.442858933608 271.96718984683 292.905274248329 312.272396799159 327.578468235235
318.652196408521 321.402570526203 325.805855771609 325.131392953919 319.071307901545 317.57275914355 315.256071798122 315.89831685864 316.209344145365 315.959704923023 317.629405613947 319.703607935552 320.700600876484 320.991678792622 320.984763197021 320.982459646678 321.367098914734 321.662465985052 321.653102131547 319.988066933168 318.5727487717 315.484122297029 310.677044256416 304.087528911607 296.485336669969 287.92495359728 282.657564219554 273.696023633944 266.422467318678 261.606351432933 257.087345512307 251.596790906753 246.360229117178 237.84448362682 232.918936624957 229.921895673124 216.807967567706 226.356751498877 228.139737127699 228.276926709405 234.066901035428 239.131873581527 258.838041476989 276.216156401764 299.494542324761 314.522841441986
325.891717954429 328.961080546899 330.93340348486 328.954827252931 323.87839422502 322.419269256263 320.405805818898 320.775457656868 322.77912866456 322.153396572523 323.518782102302 325.187567195453 326.175519364143 326.191681593684 326.191280390405 326.186662916418 325.898707921247 325.897907540154 326.179522919891 325.483736412166 324.071422958554 319.699033593178 315.188903304903 308.301934934273 301.002109597722 291.37173554255 284.434180724356 276.133628572616 269.502948864099 264.36208457605 258.80893199739 254.685885209123 250.483595701332 239.884539266385 235.675577378985 231.152567957769 216.332149558483 223.375505941781 228.065885942737 228.143924034444 229.226693058482 235.510494822219 249.178816582423 265.42328140018 284.0779686177 304.051272063199
333.444623468434 335.445388172053 334.506316114232 333.459162010286 330.022205780579 328.598231544153 328.281181865345 329.247653125886 329.672422960981 329.978649627818 330.65536745083 330.677544697735 330.97864276676 331.366288709271 330.9879696069 330.97581747617 330.388972250903 329.997914911768 330.379011707269 330.659331942935 329.262339708912 325.162364172483 320.248623884436 313.383403749775 307.162147558587 300.611885242953 290.565669036067 281.286491269572 271.00048667742 264.791528349585 260.901079373138 255.722892843371 251.183270591216 243.57789769761 235.076984995245 230.71262925623 215.858766062782 224.476555735167 228.083852509806 228.108617582299 228.156569647756 229.039974308776 237.618249477723 252.060216123032 271.363491904631 289.939194186673
339.608311492672 341.010342428226 339.274144865684 337.973424623145 335.526304802048 334.881968782583 334.213269213094 335.187277480262 336.178731737684 336.568689484731 335.887668247698 335.199614083229 334.905430403371 335.188768862607 335.183142193889 334.87631381705 334.183752794424 333.787562322602 333.776676419934 332.403095349418 331.374887182554 327.567889299389 322.402477802115 317.162803211303 309.989021296383 302.700302777538 294.803621456336 285.783489606497 279.162975314228 267.925253627336 263.024293428496 257.802198158946 253.257179249796 247.317397134267 236.443906244959 228.303269332613 215.386052347842 223.706210641705 228.077878876746 228.101299662206 228.106419037067 228.206538501999 233.398738165717 243.721538542592 261.929244218101 279.648100931354
343.449925224656 342.841528675321 343.103612749364 342.766085064008 341.089895038611 340.38036635478 339.721802505677 340.694712663076 342.436749359506 342.04850663825 340.676738755499 339.678745391606 338.702534542284 338.982752705903 338.693375384688 337.61617464775 336.916475388191 336.603019401989 336.190311355797 334.493640087813 332.092685111662 329.674578173524 324.773988356361 319.656450376496 310.093408284929 306.854590069706 300.24417654886 291.699671562108 286.030382260711 276.071222503558 267.116030733011 258.300507159651 253.696700681181 247.113162744937 240.838214727748 226.278549553947 214.911011631502 225.857491242924 228.071051006169 228.097298332387 228.101302842985 228.140125866304 229.272546109666 235.926826976367 248.328860325369 268.961273790366
346.3148576147 347.285459747866 347.579228249821 346.881841261301 345.232623656716 345.207747789208 345.599112688686 346.283544582276 345.910942660263 345.217064561767 344.216764217323 343.484445275106 341.453123231349 342.766461426897 342.469769021636 341.382347001482 340.680232193078 339.693271434835 338.683259393882 335.514999955681 333.785692730141 329.998701329319 325.222636804843 321.37685506517 315.197068281682 309.578623763563 303.364616020823 296.874316680272 289.858409730879 280.999253153874 271.621756554053 262.632021115636 255.718035028195 247.875730921874 244.567121169358 232.672803603958 214.437910770256 213.943722369242 228.042012922484 228.092295140887 228.100000494479 228.113242507499 228.885069465696 234.085100168854 243.426386428271 258.019537163424
350.013863344283 351.362382301239 352.041276340031 350.684575087829 349.997823184971 350.656572972047 351.057464415066 351.742469092502 350.683655487874 349.980539341016 348.69719897488 346.923302707954 345.630436038132 345.218788183219 344.900504224742 343.806442456876 343.481925424547 342.774335742035 340.388644277642 337.5990921512 334.89234571306 331.679390420113 327.586910665566 323.094559703698 318.290244361089 312.015929476601 306.487636867949 297.967680917429 292.013284810912 288.339417378191 278.509303914572 268.429208649552 258.519749482962 251.606595415383 244.988869829344 239.369817936074 228.968261106607 213.454322069477 227.882013906847 228.079180493581 228.098499225813 228.105015703972 228.194491253006 232.663853609922 240.966708951698 252.437232695618
353.516866014135 354.194383218125 354.204516061794 353.91024615749 353.914065133818 354.507938723824 353.321075907623 355.224595035978 354.546585769961 354.219583983394 353.508140752746 352.121303703979 350.72220904252 349.415680318072 348.295677451727 345.935275988802 345.595683976592 344.203312434864 342.10400651167 339.302599836782 335.907855367057 332.413253938457 328.319705401295 324.805331565738 321.652824081648 316.178665781304 311.335529367203 301.7421354494 295.108318750014 287.517683280316 280.962558004382 272.979199965341 261.620067730595 253.734989345602 246.837309778171 238.856038027597 231.1111766934 212.887668641668 227.155145928171 228.072821954123 228.089599326522 228.105519399661 228.185069568397 231.315722359148 238.859198577254 247.013703119197
357.312643867899 357.324684193147 357.055393712211 357.72570383661 357.776212908836 359.758658414504 362.484941401826 362.130034253321 361.176836894055 360.192089907448 359.091367343821 359.39688809337 357.687841328779 354.51680008635 352.491976558145 349.051670218624 348.308248844899 346.615281535832 344.891748537537 341.110642545872 338.004811435537 334.884008146953 330.404911630069 326.620104191111 324.062582269415 319.976030903102 313.114357931906 306.890760060025 302.015031276134 295.767578385989 282.271718548225 273.724088356202 267.443785335285 257.756162917655 250.554979953388 244.192377690289 234.194896640326 212.386177356961 211.899681576438 228.007048046516 228.081808403345 228.122241490026 229.151409324007 233.347661854023 238.864532373638 244.471584042437
361.804720783951 362.105332109479 362.516478419811 363.524325444602 364.302483309501 370.343565248571 372.16596180797 371.17747499057 374.14076867242 373.416054781744 369.687904807543 367.686270719095 364.896092872848 360.147385632588 357.318527591957 354.514605289373 352.50333655705 350.694489320171 348.293279692178 344.903847034186 342.097331402988 338.693685578373 333.780520073461 329.006150187388 325.913966243632 322.769790365169 317.549366667748 308.949427103089 304.45350775483 297.524130664452 289.558270400016 276.464076398651 266.493942837768 259.962208063648 252.316651009201 244.085917181014 237.116773908005 228.975437510516 211.403959642295 227.960557729452 228.066976080906 228.816585570201 234.027286143377 240.865100954463 242.266600339223 244.42039701013
