elev.dat0.txt
ncols         813
nrows         326
xllcorner     380045.00000346
yllcorner     493695.00002474
cellsize      50
NODATA_value  -9999
[rows 80 to 99 of 326, columns 552 to 597 of 813]
352.805347455286 352.794385222974 352.084612403812 350.198906147809 348.65619174597 345.106688453695 339.361757007238 331.123207708396 330.313992823915 345.452133274165 348.96745275519 349.028580831552 349.140315278518 349.150521042814 349.166468113048 353.242030801888 368.394572837233 374.797998909781 376.02210180984 375.179286709144 377.92282053618 375.742205288204 371.958821096399 370.051129568272 369.727023640232 365.99152388297 -9999 -9999 -9999 -9999 -9999 -9999 -9999 -9999 -9999 -9999 -9999 -9999 -9999 -9999 -9999 -9999 -9999 -9999 -9999 -9999
348.958093538885 347.996712044368 347.981224706259 347.674360801645 346.0761727118 342.289971993613 336.691708099729 329.585568079762 332.599652335796 346.314847642819 361.194176279163 361.552145944164 359.691074219068 361.84445320853 360.637024114578 349.235406199311 360.242261882903 358.192553067324 361.3821555701 364.832697234973 366.705313907226 367.268221799529 361.975763067306 359.219097338335 359.182933884425 360.029964886267 -9999 -9999 -9999 -9999 -9999 -9999 -9999 -9999 -9999 -9999 -9999 -9999 -9999 -9999 -9999 -9999 -9999 -9999 -9999 -9999
343.889443827649 342.740304757679 343.017202777834 343.593173051889 343.572222074518 341.341567651678 335.632405686711 329.518162875163 333.574494226486 347.999799795672 365.021367798146 368.464183049833 369.177737386694 371.053001767986 371.00796073069 360.709451828813 350.191147238213 353.611089928408 359.177835743141 359.231118377127 359.227569969197 359.22553929328 359.21110309288 360.036395314423 359.152985876364 359.128892008222 -9999 -9999 -9999 -9999 -9999 -9999 -9999 -9999 -9999 -9999 -9999 -9999 -9999 -9999 -9999 -9999 -9999 -9999 -9999 -9999
340.794329559671 339.249759650015 340.022637539062 339.143747017816 340.353222481855 339.408166846577 329.533219168701 329.486003121614 335.486128370661 351.501525715082 366.900616083168 371.075192620806 372.982185381584 374.180573878318 374.463780058357 371.955270596315 371.29869430543 370.988339358744 370.316763433663 368.431716998425 362.313140817568 365.380336408382 365.672467950432 364.112291939375 362.933301772558 362.52576293744 -9999 -9999 -9999 -9999 -9999 -9999 -9999 -9999 -9999 -9999 -9999 -9999 -9999 -9999 -9999 -9999 -9999 -9999 -9999 -9999
339.248166310382 338.867868858148 337.655416939248 334.562354688916 334.68407112118 332.91025737165 329.446303999918 329.503780078333 339.856111349012 357.399305104055 365.668289255589 371.371162434014 373.583777624579 374.888668440657 374.89817684801 375.487453556818 375.489687161225 376.072950012613 374.880788931891 372.995040468939 373.2478987978 371.963823156338 370.388989388295 370.062025596644 369.172375250108 369.182664760495 -9999 -9999 -9999 -9999 -9999 -9999 -9999 -9999 -9999 -9999 -9999 -9999 -9999 -9999 -9999 -9999 -9999 -9999 -9999 -9999
340.097321651326 340.053774010728 340.923405436057 332.469888795349 331.13769561675 331.025117918046 329.478402303335 330.420454374014 345.427999695681 358.013168090322 365.655708633898 371.052545792676 372.687028686739 374.870253764962 374.899109101202 376.785425134991 377.394933061938 378.290584551457 378.288529000765 378.279482422909 377.97615543646 376.776789551065 374.502169805126 373.306168794049 372.322091463899 373.002323060469 -9999 -9999 -9999 -9999 -9999 -9999 -9999 -9999 -9999 -9999 -9999 -9999 -9999 -9999 -9999 -9999 -9999 -9999 -9999 -9999
344.899802556096 342.722188186738 341.99217840309 340.271877018047 330.803346140806 329.484470581392 329.387216067707 331.111956025762 344.463595020415 355.552457386027 363.466490431447 368.172756185931 371.076330672603 372.001850087909 373.899620347785 376.096390543793 377.996699656345 379.598880691812 380.892233590312 381.486201550813 381.185404390036 380.876720920983 378.669698647158 377.384466481034 377.380279559029 377.978786430662 -9999 -9999 -9999 -9999 -9999 -9999 -9999 -9999 -9999 -9999 -9999 -9999 -9999 -9999 -9999 -9999 -9999 -9999 -9999 -9999
349.280293165868 347.381099854274 345.782533187303 342.98262857473 339.425112689217 331.358917179619 328.267284930995 331.057312335353 342.243113498169 352.055529003949 361.507426039826 365.053719165318 367.559908724256 370.071152866833 372.301850023869 375.794808561829 378.991849499227 380.90281689338 383.08917260431 383.984130421533 383.387685837591 381.505287176421 380.21013706873 379.902347423257 380.879893802925 -9999 -9999 -9999 -9999 -9999 -9999 -9999 -9999 -9999 -9999 -9999 -9999 -9999 -9999 -9999 -9999 -9999 -9999 -9999 -9999 -9999
352.094185740352 349.898530797849 347.699732140227 345.489332450952 342.262906455953 334.812661603659 330.750301863144 323.667356327304 337.851722516124 347.084143913762 354.975747472194 358.807157121395 360.746388713922 365.388320691272 371.048177639433 375.764591693959 380.840707216957 382.083688058654 384.676124377711 384.69574991955 384.696878594225 383.417124383159 383.403801717436 382.805276900435 -9999 -9999 -9999 -9999 -9999 -9999 -9999 -9999 -9999 -9999 -9999 -9999 -9999 -9999 -9999 -9999 -9999 -9999 -9999 -9999 -9999 -9999
355.28909704646 352.79468653004 350.495895474457 347.997956403836 343.882299283068 338.482494109835 330.973478266779 323.289539487402 334.302252901189 341.685168511173 350.167751716945 355.849917443834 356.917401550178 359.433249587867 366.629876938349 372.631873942564 377.056874401595 380.880668931445 383.976430201153 384.710404163394 386.499493669671 388.768840511547 388.767018961245 386.892412219111 -9999 -9999 -9999 -9999 -9999 -9999 -9999 -9999 -9999 -9999 -9999 -9999 -9999 -9999 -9999 -9999 -9999 -9999 -9999 -9999 -9999 -9999
357.496438966625 355.302483116106 353.39673910203 351.187330547138 347.66746008567 342.229068214847 330.412519786315 323.683081764548 322.895080504381 336.650816851687 346.038897767011 352.716135291697 352.824327459089 355.001239799247 356.95637326752 362.231628648838 371.631335830044 377.94389460125 382.763143437303 385.877244227576 389.071773052287 389.095242890148 389.090388176655 -9999 -9999 -9999 -9999 -9999 -9999 -9999 -9999 -9999 -9999 -9999 -9999 -9999 -9999 -9999 -9999 391.000403925238 390.997874551106 390.989477492899 389.692310958913 387.798781103613 386.499895228017 -9999
359.093268618403 357.196666653936 355.882863391958 353.068958396544 348.691432770218 344.858938252314 338.757168900104 327.386610728943 323.09829291103 330.239585932341 338.516136996373 348.869400186057 349.570474816179 349.626553057013 351.808086808278 354.745605643022 360.751414775127 371.640322209918 379.82633530399 383.973266226417 389.044488326611 389.088368446677 389.073424228081 385.001360088503 383.701600967898 384.704648894982 388.087049434133 -9999 -9999 -9999 -9999 -9999 -9999 -9999 -9999 395.995041440137 395.98441905952 392.901714039021 391.299896488029 390.991617583498 390.978907679749 389.396510514054 388.786997900918 387.193862939868 385.600625094473 384.69596317423
360.968646726941 358.090151675707 355.589039888675 352.106338088346 348.707753458751 345.790217213575 343.541584093066 339.385896839426 325.466073140096 322.679295840505 333.893872393859 340.772308522209 344.877201284059 345.80994838774 346.446627719543 348.757140196893 354.717140223019 361.62021296905 372.201939611345 381.060758169649 383.312179267634 388.293826746821 388.004243326231 382.093498510685 382.092102821744 383.986230575518 387.178488681818 390.966107374428 390.994839588205 390.999999040142 390.998684634416 390.994840893108 390.991198927735 390.997856304785 392.888132213582 395.967627334086 395.364447457599 391.603993239566 390.986382222961 389.106495861 388.786016360866 387.784918102349 386.885216350563 385.88731452497 384.688328913738 383.398314351456
359.99701995146 358.088107813969 355.276900347 352.088023690741 348.996574245148 346.788176590565 346.36426562073 342.216673692492 336.395310553176 321.806001433109 318.527071438569 336.800727447198 341.072152758818 342.310050677839 343.898407118373 344.957100899871 349.045262406493 354.045577570623 358.475337906443 364.82377830657 368.929659730323 373.297950791932 375.195367370762 377.064096286288 379.240463859534 380.47490253851 383.384843256429 387.176292007352 390.960056167921 390.995955065657 390.998179213619 390.006996129782 389.118476910639 389.119783239022 390.021423361174 392.490945499475 391.897201050445 389.125953812117 389.379555044861 388.369372235279 385.593338633832 384.30164534286 383.988650977104 383.38834251286 382.394688611018 381.791564593752
359.696693610878 357.183934952822 353.704647560434 350.5145013861 348.298020776455 346.107152553003 344.869639401269 341.931239489779 336.584659732581 328.098140963988 313.465607785109 333.784841180124 337.527202180095 339.756238959382 341.095215605089 343.303761481037 346.808556085077 350.890745206284 352.828791243404 355.353481828046 360.023504999264 362.953304135059 367.307986026834 368.551228531787 370.451259574192 374.205300791703 377.997652239416 382.110961243669 388.068713241739 390.58567677965 391.875112312084 390.290424681951 389.67354153134 389.073498571247 389.392168803222 390.978009234572 390.96902829608 388.383725942031 386.186990161339 384.685425072062 382.114324205985 380.915709600902 380.221139262596 380.491462163307 379.598213943686 379.28453855037
359.10032319159 355.906267829947 352.806555387567 349.906057979709 347.701419850041 345.507514789656 342.718096617667 339.225081113819 334.860009192632 330.705578570583 311.853546248546 325.103341027636 331.251653738757 334.830448571821 338.841757341903 340.46093489734 345.219782661431 348.972252329952 349.071880063774 350.973925322704 355.326271622388 359.40956042612 362.223148968185 365.680097018993 366.338828696193 368.935325403846 372.34402286358 378.696744078621 385.261510674101 389.959210045969 389.98668731156 389.086310318747 387.193717591229 386.199947906123 387.173994697962 388.370187389229 387.778149711925 385.876861258875 382.410218337214 380.513103149216 379.596097625535 378.693287083576 378.285644732187 377.974271473354 376.401133168313 375.788363738977
359.098103904559 355.905541650199 352.799332401525 349.048537127465 347.70399198456 345.20835384386 342.711566979167 341.03317113678 337.241266144313 333.174432035467 310.563306687223 309.289877480005 327.667021133184 332.294811430397 337.059825288251 341.076866212008 345.487586505872 349.289467748209 350.49509809774 351.53414434764 353.460924034612 357.513775563693 360.024619904072 362.514377212895 364.418503434092 366.715194169449 369.826177310491 375.206321224711 381.493005517402 386.472904092396 388.070557456158 387.17077607116 384.29373375117 382.427866972146 382.420763327663 383.986439237968 383.984104414232 381.803651311343 379.5975195242 377.405366130805 376.780025192481 375.790776467155 375.186654707382 374.480717058769 372.9993169282 371.99580039657
359.395293493239 356.490292048462 353.688144399613 350.501711946797 348.002827717053 346.088829734898 343.559726676708 341.039261981956 335.92518898006 330.578188456927 306.954659885375 319.740431492675 329.829943012767 335.287003300783 338.201394157314 341.467456828396 346.019331698797 350.861020986892 350.920076012122 353.379420569707 355.871681690397 358.373634091364 359.126931457382 361.882522656374 363.499502811205 365.123024817868 367.925958148329 372.321150508875 380.163230892863 383.089632044265 384.282685853412 383.09328924399 380.918844229879 379.920403500839 379.049645331121 379.916719668199 380.495878953703 379.293662356505 376.795707056833 373.928166784374 372.730644257794 372.309846947088 371.405131734514 370.388866841924 369.178229697911 368.830319353548
359.122744944682 357.18323458233 354.001203875624 350.915563246171 348.983945606157 346.109181014088 343.331681445802 339.249387385553 334.154911947041 324.26923026614 305.602323983572 319.783551762726 330.033599735179 334.763309916434 339.186834585426 343.899237106069 347.692198865153 349.013367071115 351.496695688054 353.687961428787 355.901370254524 357.791000102662 359.688419224682 360.324307026505 362.493297657767 364.788748552494 367.006354470426 370.145231474127 378.956974158707 380.892137390454 380.507874872693 379.901533268205 378.999121169299 378.303335602992 378.67106620186 377.993211059366 378.665577561823 377.076557365879 374.482022295745 371.119746222907 371.03444907594 369.738877642142 368.442371222309 366.26136524492 363.22805159542 361.930454774102
360.282881139452 357.506123745013 354.332832771755 351.529273335044 349.048735269984 347.993965049052 345.176621077535 341.970990636251 337.537253447429 329.49245822974 304.752142484234 302.327860556579 323.422261391069 335.219788274314 340.364854515519 346.061069866708 349.295064359958 350.878024046901 350.947035387333 353.424478853599 355.601666508803 357.797476964071 359.376289175723 359.711353152498 361.305831887672 363.213573022575 365.712024654169 369.822007849928 379.820328626187 378.994168626314 379.264756535258 377.109499198925 377.098605042228 376.800204253739 376.109552470261 375.793278732922 374.890080401073 373.589440373893 371.388747729962 369.152322821334 364.847852292902 363.812356359057 362.207741860959 360.675912251142 358.10125769805 357.768561451019
