regions.txt
ncols         813
nrows         326
xllcorner     380045.000003
yllcorner     493695.000025
cellsize      50
NODATA_value  -9999
[rows 88 to 131 of 326, columns 288 to 383 of 813]
82 82 82 82 82 82 82 94 94 94 94 94 94 94 94 94 94 94 94 94 94 94 409 409 409 409 94 94 94 94 94 94 94 94 94 94 94 94 94 94 94 94 94 94 94 94 94 94 94 94 94 94 94 94 94 94 94 94 409 409 465 465 465 465 465 465 465 105 105 105 105 105 105 416 416 416 105 105 105 105 105 105 105 105 105 105 105 105 105 105 105 105 105 105 124 124
82 82 82 82 82 82 94 94 94 94 94 94 94 94 94 94 94 94 94 94 94 94 94 94 94 94 94 94 94 94 94 94 94 94 94 94 94 94 94 94 94 94 94 94 94 94 94 94 94 94 94 94 94 94 94 94 94 94 94 409 465 465 465 465 465 465 465 105 105 105 105 105 105 416 416 416 105 105 105 105 105 105 105 105 105 105 105 105 105 105 105 105 105 105 124 124
82 82 82 82 82 94 94 94 94 94 94 94 94 94 94 94 94 94 94 94 94 94 94 94 94 94 94 94 94 94 94 94 94 94 94 94 94 94 94 94 94 94 94 94 94 94 94 94 94 94 94 94 94 94 94 94 94 94 94 94 465 465 465 465 465 465 465 105 105 105 105 105 105 416 416 416 105 105 105 105 105 105 105 105 105 105 105 105 105 105 105 105 105 124 124 124
82 82 82 82 94 94 94 94 94 94 94 94 94 94 94 94 94 94 94 94 94 94 94 94 94 94 94 94 94 94 94 94 94 94 94 94 94 94 94 94 94 94 94 94 94 94 94 94 94 94 94 94 94 94 94 94 94 94 94 104 465 465 465 465 465 465 465 465 105 105 105 105 416 416 416 416 105 105 105 105 105 105 105 105 105 105 105 105 105 105 105 105 105 124 124 124
82 82 82 82 94 94 94 94 94 94 94 94 94 94 94 94 94 94 94 94 94 94 94 94 94 94 94 94 94 94 94 94 94 94 94 94 94 94 94 94 94 94 94 94 94 94 94 94 94 94 94 94 94 94 94 94 94 94 104 104 465 465 465 465 465 465 465 465 465 105 105 105 416 416 416 416 105 105 105 105 105 105 105 105 105 105 105 105 105 105 105 105 124 124 124 124
82 82 82 82 94 94 94 94 94 94 94 94 94 94 94 94 94 94 94 94 94 94 94 94 94 94 94 94 94 94 94 94 94 94 94 94 94 94 94 94 94 94 94 94 94 94 94 94 94 94 94 94 94 94 94 94 94 104 104 104 465 465 465 465 465 465 465 465 465 465 105 416 416 416 416 105 105 105 105 105 105 105 105 105 105 105 105 105 105 105 105 105 124 124 124 124
82 82 82 94 94 94 94 94 94 94 94 94 94 94 94 94 94 94 94 94 94 94 94 94 94 94 94 94 94 94 94 94 94 94 94 94 94 94 94 94 94 94 94 94 94 94 94 94 94 94 94 94 94 94 94 94 104 104 104 104 465 465 465 465 465 465 465 465 465 465 465 416 416 416 416 105 105 105 105 105 105 105 105 105 105 105 105 105 105 105 105 124 124 124 124 124
82 82 82 94 94 94 94 94 94 94 94 94 94 94 94 94 94 94 94 94 94 94 94 94 94 94 94 94 94 94 94 94 94 94 94 94 94 94 94 94 94 94 94 94 94 94 94 94 94 94 94 94 94 94 94 104 104 104 104 104 104 465 465 465 465 465 465 465 465 465 465 416 416 416 105 105 105 105 105 105 105 105 105 105 105 105 105 105 105 105 124 124 124 124 124 124
94 94 94 94 94 94 94 94 94 94 94 94 94 94 94 94 94 94 94 94 94 94 94 94 94 94 94 94 94 94 94 94 94 94 94 94 94 106 106 106 106 94 94 94 94 94 94 94 94 94 94 94 94 106 106 106 106 106 106 106 106 106 465 465 465 465 465 465 465 465 465 416 416 416 105 105 105 105 105 105 105 105 105 105 105 105 105 105 105 124 124 124 124 124 124 124
94 94 94 94 94 94 94 94 94 94 94 94 94 94 94 94 94 94 94 94 94 94 94 94 94 94 94 94 94 94 94 94 94 94 94 93 93 93 106 106 106 106 106 106 106 106 106 106 106 106 106 106 106 106 106 106 106 106 106 106 106 468 468 468 468 468 468 468 468 468 468 465 416 109 109 109 109 109 109 109 105 105 105 105 105 114 124 124 124 124 124 124 124 124 124 124
94 94 94 94 94 94 94 94 94 94 94 94 94 94 94 94 94 94 94 94 94 94 94 94 94 94 94 94 94 94 94 93 93 93 93 93 93 93 93 106 106 106 106 106 106 106 106 106 106 106 106 106 106 106 106 106 106 106 468 468 468 468 468 468 468 468 487 487 487 487 487 487 487 487 487 109 109 109 109 109 109 109 109 109 114 124 124 124 124 124 124 124 124 124 124 124
94 94 94 94 94 94 94 94 94 94 94 94 94 94 94 94 94 94 94 94 94 94 94 94 94 94 93 93 93 93 93 93 93 93 93 93 93 93 93 93 106 106 106 106 106 106 106 106 106 106 106 106 106 106 106 106 106 468 468 468 468 468 468 468 468 468 487 487 487 487 487 487 487 487 487 487 114 114 114 114 114 114 114 114 124 124 124 124 124 124 124 124 124 124 124 124
94 94 94 94 94 94 94 94 94 94 94 94 94 94 94 94 94 93 93 93 93 93 93 93 93 93 93 93 93 93 93 93 93 93 93 93 93 93 93 93 93 106 106 106 106 106 106 106 106 106 106 106 106 106 106 468 468 468 468 468 468 468 468 468 468 468 487 487 487 487 487 487 487 487 487 487 487 114 114 114 114 114 114 124 124 124 124 124 124 124 124 124 124 124 124 124
94 94 94 94 94 94 94 94 94 94 94 94 94 94 94 94 93 93 93 93 93 93 93 93 93 93 93 93 93 93 93 93 93 93 93 93 93 93 93 93 93 93 106 106 106 106 106 106 106 106 106 106 106 106 468 468 468 468 468 468 468 468 468 468 468 468 487 487 487 487 487 487 487 487 487 487 487 114 114 114 114 114 114 124 124 124 124 124 124 124 124 124 124 124 124 124
94 94 94 94 94 94 94 94 94 94 94 94 94 94 93 93 93 93 93 93 93 93 93 93 93 93 93 93 93 93 93 93 93 93 93 93 93 93 93 93 93 93 93 106 106 106 106 106 106 106 106 468 468 468 468 468 468 468 468 468 468 468 468 468 468 468 487 487 487 487 487 487 487 487 487 487 487 487 114 114 114 114 114 124 124 124 124 124 124 124 124 124 124 124 124 124
94 94 94 94 94 94 94 94 94 94 94 94 94 93 93 93 93 93 93 93 93 93 93 93 93 93 93 93 93 93 93 93 93 93 93 93 93 93 93 93 93 93 93 93 106 106 106 106 106 468 468 468 468 468 468 468 468 468 468 468 468 468 468 468 468 468 487 487 487 487 487 487 487 487 487 487 487 487 487 114 114 114 114 124 124 124 124 124 124 124 124 124 124 124 124 124
94 94 94 94 94 94 94 94 94 94 94 94 93 93 93 93 93 93 93 93 93 93 93 93 93 93 93 93 93 93 93 93 93 93 93 93 93 93 93 93 93 93 93 93 93 106 106 468 468 468 468 468 468 468 468 468 468 468 468 468 468 468 468 108 108 108 487 487 487 487 487 487 487 487 487 487 487 487 487 114 114 114 124 124 124 124 124 124 124 124 124 124 124 124 124 124
94 94 94 94 94 94 94 94 94 94 94 93 93 93 93 93 93 93 93 93 93 93 93 93 93 93 93 93 93 93 93 93 93 93 93 93 93 93 93 93 93 93 93 93 93 468 468 468 468 468 468 468 468 468 468 468 468 468 468 468 468 468 113 113 113 113 487 487 487 487 487 487 487 487 487 487 487 487 487 114 114 124 124 124 124 124 124 124 124 124 124 124 124 124 124 124
93 94 94 94 94 94 94 94 94 94 93 93 93 93 93 93 93 93 93 93 93 93 93 93 93 93 93 93 93 93 93 93 93 93 93 93 93 93 93 93 93 93 93 93 93 468 468 468 468 468 468 468 468 468 468 468 468 468 468 468 107 113 113 113 113 113 487 487 487 487 487 487 487 487 487 487 487 487 487 487 124 124 124 124 124 124 124 124 124 124 124 124 124 124 124 124
93 93 93 94 94 94 94 94 93 93 93 93 93 93 93 93 93 93 93 93 93 93 93 93 93 93 93 93 93 93 93 93 93 93 93 93 93 93 93 93 93 407 407 407 407 468 468 468 468 468 468 468 468 468 468 468 468 468 468 107 107 113 113 113 113 113 113 487 487 487 487 487 487 487 487 487 487 487 487 487 124 124 124 124 124 124 124 124 124 124 124 124 124 124 124 124
93 93 93 93 93 93 93 93 93 93 93 93 93 93 93 93 93 93 93 93 93 93 93 93 93 93 93 93 93 93 93 93 93 93 93 93 93 93 407 407 407 407 407 407 407 468 468 468 468 468 468 468 468 468 468 468 107 107 107 107 107 113 113 113 113 113 113 113 487 487 487 487 487 487 487 487 487 487 487 487 487 487 487 487 487 124 124 124 124 124 124 124 124 124 124 124
93 93 93 93 93 93 93 93 93 93 93 93 93 93 93 93 93 93 93 93 93 93 93 93 93 93 93 93 93 93 93 93 93 93 93 407 407 407 407 407 407 407 407 407 410 468 468 468 468 468 468 468 468 468 107 107 107 107 107 107 113 113 113 113 113 113 113 113 487 487 487 487 487 487 487 487 487 487 487 487 487 487 487 487 487 487 487 124 124 124 124 124 124 124 124 124
93 93 93 93 93 93 93 93 93 93 93 93 93 93 93 93 93 93 93 93 93 93 93 93 93 93 93 93 93 93 93 93 93 407 407 407 407 407 407 407 407 407 407 410 410 468 468 468 468 468 468 468 107 107 107 107 107 107 107 107 113 113 113 113 113 113 113 113 113 487 487 487 487 487 487 487 487 487 487 487 487 487 487 487 487 487 487 487 487 320 320 124 124 124 124 124
93 93 93 93 93 93 93 93 93 93 93 93 93 93 93 93 93 93 93 93 93 93 93 93 93 93 93 93 93 407 407 407 407 407 407 407 407 407 407 407 93 410 410 410 410 410 410 93 93 107 107 107 107 107 107 107 107 107 113 113 113 113 113 113 113 113 113 113 113 113 487 487 487 487 487 487 487 487 487 487 487 487 487 487 487 487 487 487 487 487 487 487 487 124 124 124
93 93 93 93 93 93 93 93 93 93 93 93 93 93 93 93 93 93 93 93 93 93 303 93 93 93 407 407 407 407 407 407 407 407 407 407 407 93 93 93 410 410 410 410 410 410 93 93 93 107 107 107 107 107 107 107 107 113 113 113 113 113 113 113 113 113 113 113 113 415 487 487 487 487 487 487 487 487 487 487 487 487 487 487 487 487 487 487 487 487 487 487 487 487 487 487
407 407 407 407 407 93 93 93 93 93 93 93 93 93 93 302 302 302 302 302 302 93 93 93 407 407 407 407 407 407 407 407 407 407 407 93 93 93 93 410 410 410 410 410 410 93 93 93 93 107 107 107 107 107 107 107 113 113 113 113 113 113 113 113 113 113 113 415 415 415 487 487 487 487 487 487 487 487 487 487 487 487 487 487 487 487 487 487 487 487 487 487 487 487 487 487
407 407 407 407 407 407 407 93 301 301 301 301 301 301 407 407 407 407 407 407 407 407 407 407 407 407 407 407 407 407 407 93 93 93 93 93 93 93 410 410 410 410 410 93 93 93 93 93 93 107 107 107 107 107 107 113 113 113 113 113 113 113 113 113 415 415 415 415 415 415 415 487 487 487 487 487 487 487 487 487 487 487 487 487 487 487 487 487 487 487 487 487 487 487 487 487
407 407 407 407 407 407 407 407 407 407 407 407 407 407 407 407 407 407 407 407 407 407 407 407 407 407 407 407 93 93 93 93 93 93 93 93 93 410 410 410 410 410 93 93 93 93 93 93 107 107 107 107 107 107 113 113 113 113 113 113 113 113 113 415 415 415 415 415 415 415 415 487 487 487 487 487 487 487 487 487 487 487 487 487 487 487 487 487 487 487 487 487 487 487 487 487
93 93 93 407 407 407 407 407 407 407 407 407 407 407 407 407 407 407 407 407 407 407 407 407 407 407 93 93 93 93 93 93 93 93 93 93 410 410 410 410 410 93 93 93 93 93 93 93 107 107 107 107 113 113 113 113 113 113 113 113 113 113 113 415 415 415 415 415 415 113 113 113 487 487 487 487 487 487 487 487 487 487 487 487 487 487 487 487 487 487 487 487 487 487 487 487
93 93 93 93 93 407 407 407 407 407 407 407 407 407 407 407 407 407 407 300 300 300 300 93 93 93 93 93 93 93 93 93 93 93 93 410 410 410 410 410 93 93 93 93 93 93 93 93 107 107 107 113 113 113 113 113 113 113 113 113 113 113 113 415 415 415 113 113 113 113 113 113 123 123 123 123 123 487 487 487 487 487 487 487 487 487 487 487 487 487 487 487 487 487 487 487
93 93 93 93 93 93 300 407 407 407 407 300 300 300 300 300 300 300 300 300 300 300 300 93 93 93 93 93 93 93 93 93 93 93 410 410 410 410 410 93 93 93 93 93 93 93 93 93 107 107 113 113 113 113 113 113 113 113 113 113 113 113 113 113 113 113 113 113 113 113 113 113 123 123 123 123 123 123 123 487 487 487 487 487 487 487 487 487 487 487 487 487 487 487 487 487
93 93 93 93 93 93 93 300 300 300 300 300 300 300 300 300 300 300 300 300 300 300 93 93 93 93 93 93 93 93 93 93 93 93 410 410 410 410 93 93 93 93 93 93 93 93 93 93 113 113 113 113 113 113 113 113 113 113 113 113 113 113 113 113 113 113 113 113 113 113 113 113 123 123 123 123 123 123 123 123 123 487 487 487 487 487 487 487 487 487 487 487 487 487 487 487
93 93 93 93 93 93 93 93 93 93 93 93 93 93 93 93 93 300 300 300 300 93 93 93 93 93 93 93 93 93 93 93 93 410 410 410 410 93 93 93 93 93 93 93 93 93 93 93 113 113 113 113 113 113 113 113 113 113 113 113 113 113 113 113 113 113 113 113 113 113 113 123 123 123 123 123 123 123 123 123 123 123 123 123 123 487 487 487 487 487 487 487 487 487 487 487
93 93 93 93 93 93 93 93 93 93 93 93 93 93 93 93 93 93 93 300 300 93 93 93 93 93 93 93 93 93 93 93 93 410 410 410 410 93 93 93 93 93 93 93 93 93 93 113 113 113 113 113 113 113 113 113 113 113 113 113 113 113 113 113 113 113 113 113 113 113 123 123 123 123 123 123 123 123 123 123 123 123 123 123 123 123 123 123 487 487 487 487 487 487 487 487
93 93 93 93 93 93 93 93 93 93 93 93 93 93 93 93 93 93 93 93 93 93 93 93 93 93 93 93 93 93 93 93 410 410 410 410 305 93 93 93 93 93 93 93 93 93 93 113 113 113 113 113 113 113 113 113 113 113 113 113 113 113 113 113 113 113 113 113 113 123 123 123 123 123 123 123 123 123 123 123 123 123 123 123 123 123 123 123 123 123 487 487 487 487 487 487
93 93 93 93 93 93 93 93 93 93 93 93 93 93 93 93 93 93 93 93 93 93 93 93 93 93 93 93 93 93 304 410 410 410 410 410 305 305 93 93 93 93 93 93 93 93 113 113 113 113 113 113 113 113 113 113 113 113 113 113 113 113 113 113 113 113 113 113 123 123 123 123 123 123 123 123 123 123 123 123 123 123 123 123 123 123 123 123 123 123 123 487 487 487 487 487
93 93 93 93 93 93 93 93 93 93 93 93 93 93 93 93 93 93 93 93 93 93 93 93 93 93 93 304 304 304 410 410 410 410 410 305 305 305 305 93 93 93 93 93 93 113 113 113 113 113 113 113 113 113 113 113 113 113 113 113 113 113 113 113 113 113 113 113 123 123 123 123 123 123 123 123 123 123 123 123 123 123 123 123 123 123 123 123 123 123 123 123 123 487 487 487
93 93 93 93 93 93 93 93 93 93 93 93 93 93 93 93 93 93 93 93 93 93 93 93 93 93 93 304 304 304 410 410 410 410 305 305 305 305 305 93 93 93 93 93 113 113 113 113 113 113 113 113 113 113 113 113 113 113 113 113 113 113 113 113 113 113 113 123 123 123 123 123 123 123 123 123 123 123 123 123 123 123 123 123 123 123 123 123 123 123 123 123 123 123 487 487
93 93 93 93 93 93 93 93 93 93 93 93 93 93 93 93 93 93 93 93 93 93 93 93 93 93 304 304 304 410 410 410 410 305 305 305 305 305 93 93 93 93 93 113 113 113 113 113 113 113 113 113 113 312 312 312 312 312 312 312 113 113 113 113 113 113 113 123 123 123 123 123 123 123 123 123 123 123 123 123 123 123 123 123 123 123 123 123 123 123 123 123 123 123 123 123
93 93 93 93 93 93 93 93 93 93 93 93 93 93 93 93 93 93 93 93 93 93 93 93 93 93 93 304 410 410 410 410 410 305 305 305 305 93 93 93 93 93 93 113 113 113 113 113 113 312 312 312 312 312 312 312 312 312 312 312 312 312 312 312 312 312 113 123 123 123 123 123 123 123 123 123 123 123 123 123 123 123 123 123 123 123 123 123 123 123 123 123 123 123 123 123
93 93 93 93 93 93 93 93 93 93 93 93 93 93 93 93 93 93 93 93 93 93 93 93 93 93 304 304 410 410 410 410 305 305 305 305 93 93 93 93 93 93 113 113 113 113 113 113 113 312 312 312 312 312 312 312 312 312 312 312 312 312 312 312 312 312 312 319 319 123 123 123 123 123 123 123 123 123 123 123 123 123 123 123 123 123 123 123 123 123 123 123 123 123 123 123
93 93 93 93 93 93 93 93 93 93 93 93 93 93 93 93 93 93 93 93 93 93 93 93 93 93 93 410 410 410 410 305 305 305 305 93 93 93 93 93 93 113 113 113 113 113 113 113 113 113 312 312 312 312 312 312 312 312 312 312 312 312 312 312 312 312 312 319 319 319 319 123 123 123 123 123 123 123 123 123 123 123 123 123 123 123 123 123 123 123 123 123 123 123 123 123
93 93 93 93 93 93 93 93 93 93 93 93 93 93 93 93 93 93 93 93 93 93 93 93 93 93 93 410 410 410 410 305 305 305 93 93 93 93 93 93 113 113 113 113 113 113 113 113 113 113 312 312 312 312 312 312 312 312 312 312 312 312 312 312 312 312 319 319 319 319 319 319 319 123 123 123 123 123 123 123 123 123 123 123 123 123 123 123 123 123 123 123 123 123 123 123
93 93 93 93 93 93 93 93 93 93 93 93 93 93 93 93 93 93 93 93 93 93 93 93 93 93 410 410 410 410 305 305 93 93 93 93 93 93 93 113 113 113 113 113 113 113 113 113 113 113 113 312 312 312 312 312 312 312 312 312 312 312 312 312 312 312 319 319 319 319 319 319 319 319 319 319 123 123 123 123 123 123 123 123 123 123 123 123 123 123 123 123 123 123 123 123
