regions.txt
ncols         813
nrows         326
xllcorner     380045.000003
yllcorner     493695.000025
cellsize      50
NODATA_value  -9999
[rows 220 to 263 of 326, columns 480 to 575 of 813]
490 490 490 490 490 494 494 494 494 494 494 494 494 494 494 494 494 494 494 494 494 494 494 494 494 150 150 150 150 341 341 341 341 341 341 341 341 341 341 341 341 341 341 341 341 341 152 152 152 152 152 152 152 152 152 152 152 152 179 179 179 179 179 179 179 179 179 179 179 179 179 179 179 179 179 179 179 179 179 179 179 179 179 179 179 179 179 179 179 179 179 179 179 179 179 179
490 490 490 490 490 494 494 494 494 494 494 494 494 494 494 494 494 494 494 494 494 494 494 494 494 494 150 150 150 150 341 341 341 341 341 341 341 341 341 341 341 341 341 341 341 341 152 152 152 152 152 152 152 152 152 152 152 152 179 179 179 179 179 179 179 179 179 179 179 179 179 179 179 179 179 179 179 179 179 179 179 179 179 179 179 179 179 179 179 179 179 179 179 179 179 179
490 490 490 490 490 494 494 494 494 494 494 494 494 494 494 494 494 494 494 494 494 494 494 494 494 494 494 150 150 150 150 341 341 341 341 341 341 341 341 341 341 341 341 341 341 341 341 152 152 152 152 152 152 152 152 152 152 152 179 179 179 179 179 179 179 179 179 179 179 179 179 179 179 179 179 179 179 179 179 179 179 179 179 179 179 179 179 179 179 179 179 179 179 179 179 179
137 490 490 490 490 494 494 494 494 494 494 494 494 494 494 494 494 494 494 494 494 494 494 494 494 494 494 494 150 150 150 150 150 341 341 341 341 341 341 341 341 341 341 341 341 341 341 152 152 152 152 152 152 152 152 152 152 152 179 179 179 179 179 179 179 179 179 179 179 179 179 179 179 179 179 179 179 179 179 179 179 179 179 179 179 179 179 179 179 179 179 179 179 179 179 179
489 490 490 490 490 494 494 494 494 494 494 494 494 494 494 494 494 494 494 494 494 494 494 494 494 494 494 494 494 150 150 150 150 150 341 341 341 341 341 341 341 341 341 341 341 341 152 152 152 152 152 152 152 152 152 152 152 152 179 179 179 179 179 179 179 179 179 179 179 179 179 179 179 179 179 179 179 179 179 179 179 179 179 179 179 179 179 179 179 179 179 179 179 179 179 179
489 490 490 490 490 494 494 494 494 494 494 494 494 494 494 494 494 494 494 494 494 494 494 494 494 494 494 494 494 494 494 494 494 494 494 494 341 341 341 341 341 341 341 341 341 341 152 152 152 152 152 152 152 152 152 152 152 152 179 179 179 179 179 179 179 179 179 179 179 179 179 179 179 179 179 179 179 179 179 179 179 179 179 179 179 179 179 179 179 179 179 179 179 179 179 179
489 489 490 490 490 494 494 494 494 494 494 494 494 494 494 494 494 494 494 494 494 494 494 494 494 494 494 494 494 494 494 494 494 494 494 494 494 153 153 341 341 341 341 341 341 341 341 152 152 152 152 152 152 152 152 152 152 152 152 179 179 179 179 179 179 179 179 179 179 179 179 179 179 179 179 179 179 179 179 179 179 179 179 179 179 179 179 179 179 179 179 179 179 179 179 179
489 489 490 490 490 494 494 494 494 494 494 494 494 494 494 494 494 494 494 494 494 494 494 494 494 494 494 494 494 494 494 494 494 494 494 494 494 494 153 153 153 341 341 341 341 341 341 341 152 152 152 152 152 152 152 152 152 152 152 179 179 179 179 179 179 179 179 179 179 179 179 179 179 179 179 179 179 179 179 179 171 171 171 171 179 179 179 179 179 179 179 179 179 179 171 171
489 489 489 490 490 494 494 494 494 494 494 494 494 494 494 494 494 494 494 494 494 494 494 494 494 494 494 494 494 494 494 494 494 494 494 494 494 494 494 153 153 153 341 341 341 341 341 341 341 341 341 152 152 152 152 152 152 152 152 179 179 179 179 179 179 179 179 179 179 179 179 165 165 165 165 179 179 165 171 171 171 171 171 171 171 171 171 171 171 171 171 171 171 171 171 171
489 489 489 489 489 494 494 494 494 494 494 494 494 494 494 494 494 494 494 494 494 494 494 494 494 494 494 494 494 494 494 494 494 494 494 494 494 494 494 494 153 153 153 153 341 341 341 341 341 341 341 341 152 152 152 152 152 152 152 179 179 179 179 179 179 179 179 179 179 179 165 165 165 165 165 165 165 165 165 171 171 171 171 171 171 171 171 171 171 171 171 171 171 171 171 171
489 489 489 489 489 489 489 489 489 489 489 494 494 494 494 494 494 494 494 494 494 494 494 494 494 494 494 494 494 494 494 494 494 494 494 494 494 494 494 494 494 153 153 153 153 153 341 341 341 341 341 341 341 152 152 152 152 152 152 179 179 179 179 179 179 179 179 179 165 165 165 165 165 165 165 165 165 165 165 165 171 171 171 171 171 171 171 171 171 171 171 171 171 171 171 171
489 489 489 489 489 489 489 489 489 489 489 489 424 494 494 494 494 494 494 494 494 494 494 494 494 494 494 494 494 494 494 494 494 494 494 494 494 494 494 494 494 494 153 153 153 153 341 341 341 341 341 341 341 341 152 152 152 152 152 179 179 179 179 179 179 179 165 165 165 165 165 165 165 165 165 165 165 165 165 165 171 171 171 171 171 171 171 171 171 171 171 171 171 171 171 171
489 489 489 489 489 489 489 489 489 489 489 424 424 424 494 494 494 494 494 494 494 494 494 494 494 494 494 494 494 494 494 494 494 494 494 494 494 494 494 494 494 494 494 153 153 153 341 341 341 341 341 341 341 341 341 341 152 152 152 165 179 179 179 179 179 179 165 165 165 165 165 165 165 165 165 165 165 165 165 165 171 171 171 171 171 171 171 171 171 171 171 171 171 171 171 171
489 489 489 489 489 489 489 489 489 489 136 424 424 424 149 494 494 494 494 494 494 494 494 494 494 494 494 494 494 494 494 494 494 494 494 494 494 494 494 494 494 494 494 153 153 153 153 153 341 341 341 341 341 341 341 341 341 341 165 165 165 179 179 179 179 165 165 165 165 165 165 165 165 165 165 165 165 165 165 165 171 171 171 171 171 171 171 171 171 171 171 171 171 171 171 171
489 489 489 489 489 489 489 489 489 136 136 424 424 424 149 149 494 494 494 494 494 494 494 494 494 494 494 494 494 494 494 494 494 494 494 494 494 494 494 494 494 494 494 494 153 153 153 153 153 341 341 341 341 341 341 341 341 349 349 165 165 165 165 165 165 165 165 165 165 165 165 165 165 165 165 165 165 165 165 165 171 171 171 171 171 171 171 171 171 171 171 171 171 171 171 171
136 136 136 136 136 136 136 136 136 136 136 424 424 424 149 149 149 494 494 494 494 494 494 494 494 494 494 494 494 494 494 494 494 494 494 494 494 494 494 494 494 494 494 494 494 153 153 153 153 341 341 341 341 341 341 341 341 349 349 349 349 165 165 165 165 165 165 165 165 165 165 165 165 165 165 165 165 165 165 165 171 171 171 171 171 171 171 171 171 171 171 171 171 171 171 171
136 136 136 136 136 136 136 136 136 136 136 424 424 424 149 149 149 149 494 494 494 494 494 494 494 494 494 494 494 494 494 494 494 494 494 494 494 494 494 494 494 494 494 494 494 494 153 153 153 153 341 341 341 341 341 341 341 349 349 349 349 349 165 165 165 165 165 165 165 165 165 165 165 165 165 165 165 165 165 165 171 171 171 171 171 171 171 171 171 171 171 171 171 171 171 171
136 136 136 136 136 136 136 136 136 136 424 424 424 424 149 149 149 149 149 149 149 149 149 149 149 494 494 494 494 494 494 494 494 494 494 494 494 494 494 494 494 494 494 494 494 494 494 153 153 153 153 341 341 341 341 341 349 349 349 349 349 349 349 165 165 165 165 165 165 165 165 165 165 165 165 165 165 165 165 165 171 171 171 171 171 171 171 171 171 171 171 171 171 171 171 171
136 136 136 136 136 136 136 136 136 424 424 424 424 424 149 149 149 149 149 149 149 149 149 149 149 149 494 494 494 494 494 494 494 494 494 494 494 494 494 494 494 494 494 494 494 494 494 494 153 153 153 153 341 341 341 349 349 349 349 349 349 349 349 349 165 165 165 165 165 165 165 165 165 165 165 165 165 165 165 165 171 171 171 171 171 171 171 171 171 171 171 171 171 171 171 171
136 136 136 136 136 136 136 136 136 424 424 424 424 136 149 149 149 149 149 149 149 149 149 149 149 149 470 494 494 494 494 494 494 494 494 494 494 494 494 494 494 494 494 494 494 494 494 494 494 153 153 153 153 341 349 349 349 349 349 349 349 349 349 349 349 165 165 165 165 165 165 165 165 165 165 165 165 165 165 165 171 171 171 171 171 171 171 171 171 171 171 171 171 171 171 171
136 136 136 136 136 136 136 136 424 424 424 424 136 136 149 149 149 149 149 149 149 149 149 149 149 470 470 470 494 494 494 494 494 494 494 494 494 494 494 494 494 494 494 494 494 494 494 494 494 153 153 494 494 494 494 494 494 494 494 494 494 494 494 349 349 349 165 165 165 165 165 165 165 165 165 165 165 165 165 165 171 171 171 171 171 171 171 171 171 171 171 171 171 171 171 171
136 136 136 136 136 136 136 424 424 424 424 424 136 136 149 149 149 149 149 149 149 149 149 470 470 470 470 470 470 494 494 494 494 494 494 494 494 494 494 494 494 494 494 494 494 494 494 494 494 494 494 494 494 494 494 494 494 494 494 494 494 494 494 494 349 349 349 165 165 165 165 165 165 165 165 165 165 165 165 165 165 171 171 171 171 171 171 171 171 171 171 171 171 171 171 171
136 136 136 136 136 136 424 424 424 424 424 136 136 136 149 149 149 149 149 149 149 470 470 470 470 470 470 470 470 470 494 494 494 494 494 494 494 494 494 494 494 494 494 494 494 494 494 494 494 494 494 494 494 494 494 494 494 494 494 494 494 494 494 494 494 349 349 349 165 165 165 165 165 165 165 165 165 165 165 165 165 165 171 171 171 171 171 171 171 171 171 171 171 171 171 171
136 136 136 136 136 424 424 424 424 424 136 136 136 136 149 149 149 149 149 470 470 470 470 470 470 470 470 470 470 470 470 494 494 494 494 494 494 494 494 494 494 494 494 494 494 494 494 494 494 494 494 494 494 494 494 494 494 494 494 494 494 494 494 494 494 494 349 349 349 349 165 165 165 165 165 165 165 165 165 165 165 165 165 171 171 171 171 171 171 171 171 171 171 171 171 495
136 136 136 136 424 424 424 424 424 136 136 136 136 136 149 149 149 149 470 470 470 470 470 470 470 470 470 470 470 470 470 494 494 494 494 494 494 494 494 494 494 494 494 494 494 494 494 494 494 494 494 494 494 494 494 494 494 494 494 494 494 494 494 494 494 494 494 349 349 349 349 165 165 165 165 165 165 165 165 165 165 165 165 495 495 495 495 495 495 495 495 495 495 495 495 495
136 136 136 136 424 424 424 424 136 136 136 136 136 149 149 149 149 470 470 470 470 470 470 470 470 470 470 470 470 470 470 164 494 494 494 494 494 494 494 494 494 494 494 494 494 494 494 494 494 494 494 494 494 494 494 494 494 494 494 494 494 494 494 494 494 494 494 494 494 494 494 494 494 494 494 494 494 494 494 494 494 494 495 495 495 495 495 495 495 495 495 495 495 495 495 495
136 136 136 424 424 424 424 136 136 136 136 136 136 149 149 149 149 470 470 470 470 470 470 470 470 470 470 470 470 470 347 347 347 494 494 494 494 494 494 494 494 494 494 494 494 494 494 494 494 494 494 494 494 494 494 494 494 494 494 494 494 494 494 494 494 494 494 494 494 494 494 494 494 494 494 494 494 494 494 494 494 495 495 495 495 495 495 495 495 495 495 495 495 495 495 495
136 136 424 424 424 424 424 136 136 136 136 136 149 149 149 149 149 470 470 470 470 470 470 470 470 470 470 470 342 347 347 347 347 347 494 494 494 494 494 494 494 494 494 494 494 494 494 494 494 494 494 494 494 494 494 494 494 494 494 494 494 494 494 494 494 494 494 494 494 494 494 494 494 494 494 494 494 494 494 494 494 495 495 495 495 495 495 495 495 495 495 495 495 495 495 495
136 424 424 424 424 424 136 136 136 136 136 149 149 149 149 149 149 470 470 470 470 470 470 470 470 470 342 342 342 347 347 347 347 347 347 494 494 494 494 494 494 494 494 494 494 494 494 494 494 494 494 494 494 494 494 494 494 494 494 494 494 494 494 494 494 494 494 494 494 494 494 494 494 494 494 494 494 494 494 494 494 495 495 495 495 495 495 495 495 495 495 495 495 495 495 495
424 424 424 424 424 136 136 136 136 136 136 149 149 149 149 149 149 470 470 470 470 470 470 470 151 342 342 342 347 347 347 347 347 347 347 347 494 494 494 494 494 494 494 494 494 494 494 494 494 494 494 494 494 494 494 494 494 494 494 494 494 494 494 494 494 494 494 494 494 494 494 494 494 494 494 494 494 494 494 494 494 495 495 495 495 495 495 495 495 495 495 495 495 495 495 495
424 424 424 424 136 136 136 136 136 136 149 149 149 149 149 149 149 470 470 470 470 470 470 151 151 342 342 342 347 347 347 347 347 347 347 347 347 494 494 494 494 494 494 494 494 494 494 494 494 494 494 494 494 494 494 494 494 494 494 494 494 494 494 494 494 494 494 494 494 494 494 494 494 494 494 494 494 494 494 494 494 495 495 495 495 495 495 495 495 495 495 495 495 495 495 495
424 424 424 136 136 136 136 136 136 149 149 149 149 149 149 149 149 470 470 470 470 470 470 151 151 151 151 151 151 163 347 347 347 347 347 347 347 494 494 494 494 494 494 494 494 494 494 494 494 494 494 494 494 494 494 494 494 494 494 494 494 494 494 494 494 494 494 494 494 494 494 494 494 494 494 494 494 494 494 494 494 495 495 495 495 495 495 495 495 495 495 495 495 495 495 495
424 424 136 136 136 136 136 136 149 149 149 149 149 149 149 149 149 470 470 470 470 470 470 151 151 151 151 151 151 163 163 163 347 347 347 347 347 347 494 494 494 494 494 494 494 494 494 494 494 494 494 494 494 494 494 494 494 494 494 494 494 494 494 494 494 494 494 494 494 494 494 494 494 494 494 494 494 494 494 494 494 495 495 495 495 495 495 495 495 495 495 495 495 495 495 495
424 136 136 136 136 136 136 149 149 149 149 149 149 149 149 149 149 470 470 470 470 470 470 151 151 151 151 151 151 163 163 163 163 163 163 347 347 347 347 494 494 494 494 494 494 494 494 494 494 494 494 494 494 494 494 494 494 494 494 494 494 494 494 494 494 494 494 494 494 494 494 494 494 494 494 494 494 494 494 494 494 495 495 495 495 495 495 495 495 495 495 495 495 495 495 495
136 136 136 136 136 136 136 149 149 149 149 149 149 149 149 149 470 470 470 470 470 470 470 151 151 151 151 151 151 163 163 163 163 163 163 163 347 347 347 347 347 347 494 494 494 494 494 494 494 494 494 494 494 494 494 494 494 494 494 494 494 494 494 494 494 494 494 494 494 494 494 494 494 494 494 494 494 494 494 494 494 495 495 495 495 495 495 495 495 495 495 495 495 495 495 495
136 136 136 136 136 136 136 149 149 149 149 149 149 149 149 149 470 470 470 470 470 470 470 151 151 151 151 151 163 163 163 163 163 163 163 163 163 347 347 347 347 347 347 347 347 163 163 163 163 163 163 163 163 163 163 494 494 494 494 494 494 494 494 494 494 494 494 494 494 494 494 494 494 494 494 494 494 494 494 494 494 495 495 495 495 495 495 495 495 495 495 495 495 495 495 495
136 136 136 136 136 136 149 149 149 149 149 149 149 149 149 149 470 470 470 470 470 470 470 151 151 151 151 151 163 163 163 163 163 163 163 163 163 163 347 347 347 347 347 347 347 347 163 163 163 163 163 163 163 163 163 163 494 494 494 494 494 494 494 494 494 494 494 494 494 494 494 494 494 494 494 494 494 494 494 494 494 495 495 495 495 495 495 495 495 495 495 495 495 495 495 495
136 136 136 136 136 149 149 149 149 149 149 149 149 149 149 470 470 470 470 470 470 470 470 151 151 151 151 163 163 163 163 163 163 163 163 163 163 163 163 347 347 347 347 347 347 347 347 163 163 163 163 163 163 163 163 163 163 163 163 163 163 163 163 163 163 163 163 163 163 161 161 434 434 434 434 434 438 474 474 474 494 495 495 495 495 495 495 495 495 495 495 495 495 174 356 356
136 136 136 136 136 149 149 149 149 149 149 149 149 149 470 470 470 470 470 470 470 470 470 151 151 151 151 163 163 163 163 163 163 163 163 163 163 163 163 163 163 347 347 347 347 347 347 163 163 163 163 163 163 163 163 163 163 163 163 163 163 163 163 163 163 163 163 163 163 161 161 434 434 434 434 434 438 474 474 474 474 474 474 474 474 166 166 166 166 172 172 172 356 356 356 356
136 136 136 136 149 149 149 149 149 149 149 149 149 149 470 470 470 470 470 470 470 470 151 151 151 151 151 163 163 163 163 163 163 163 163 163 163 163 163 163 163 163 347 347 347 347 347 163 163 163 163 163 163 163 163 163 163 163 163 163 163 163 163 163 163 163 161 161 161 161 434 434 434 434 162 438 438 438 438 166 166 166 166 166 166 166 166 166 166 172 356 356 356 356 356 356
136 136 136 149 149 149 149 149 149 149 149 149 149 470 470 470 470 470 470 470 470 470 151 151 151 151 151 163 163 163 163 163 163 163 163 163 163 163 163 163 163 163 163 163 163 347 347 163 163 163 163 163 163 163 163 163 163 163 163 163 163 163 434 434 434 434 434 434 434 434 434 434 434 434 438 438 438 438 438 166 166 166 166 166 166 166 166 166 350 356 356 356 356 356 356 356
136 136 149 149 149 149 149 149 149 149 149 149 149 470 470 470 470 470 470 470 470 470 151 151 151 151 151 163 163 163 163 163 163 163 163 163 163 163 163 163 163 163 163 163 163 163 347 163 163 163 163 163 163 163 163 163 163 160 160 434 434 434 434 434 434 434 434 434 434 434 434 434 434 160 438 438 438 438 166 166 166 166 166 166 166 166 350 350 350 356 356 356 356 356 356 356
136 136 149 149 149 149 149 149 149 149 149 149 149 470 470 470 470 470 470 470 470 151 151 151 151 151 151 163 163 163 163 163 163 163 163 163 163 163 163 163 163 163 163 163 163 163 347 163 163 163 163 163 163 163 163 163 163 160 160 434 434 434 434 434 434 434 434 434 434 434 434 434 160 160 438 438 438 160 166 166 166 166 166 166 166 350 350 350 350 356 356 356 356 356 356 356
136 149 149 149 149 149 149 149 149 149 149 149 149 470 470 470 470 470 470 470 151 151 151 151 151 151 151 163 163 163 163 163 163 163 163 163 163 163 163 163 163 163 163 163 163 163 163 347 347 163 163 163 163 163 163 163 163 160 160 434 434 434 434 434 160 160 160 160 160 160 160 160 160 160 438 438 438 160 166 166 166 166 166 166 350 350 350 350 350 356 356 356 356 356 356 356
