regions.txt
ncols         813
nrows         326
xllcorner     380045.000003
yllcorner     493695.000025
cellsize      50
NODATA_value  -9999
[rows 220 to 263 of 326, columns 192 to 287 of 813]
254 254 53 53 53 53 64 64 64 267 267 267 267 267 267 267 267 267 267 484 484 484 484 484 484 484 484 484 484 269 269 269 269 269 269 269 269 269 286 77 77 77 77 77 77 77 77 77 77 77 77 77 77 77 77 77 77 77 77 401 401 401 401 77 77 77 77 77 77 77 77 77 77 77 77 77 77 77 77 77 77 77 77 83 295 295 295 295 295 295 295 295 295 295 295 464
254 254 254 64 64 64 64 64 267 267 267 267 267 267 267 267 267 267 267 484 484 484 484 484 484 484 484 484 484 269 269 269 269 269 269 269 269 269 269 77 77 77 77 77 77 77 77 77 77 77 77 77 77 77 77 77 77 77 77 401 401 401 401 77 77 77 77 77 77 77 77 77 77 77 77 77 77 77 77 77 77 77 77 83 295 295 295 295 295 295 295 295 295 295 295 295
254 254 254 254 267 267 267 267 267 267 267 267 267 267 267 267 267 267 267 484 484 484 484 484 484 484 484 484 484 269 269 269 269 269 269 269 269 269 269 68 68 68 68 68 77 77 77 77 77 77 77 77 77 77 77 77 77 77 77 77 401 401 401 401 401 401 77 77 77 77 77 77 77 77 77 77 77 77 77 77 77 77 77 295 295 295 295 295 295 295 295 295 295 295 295 295
254 254 254 254 267 267 267 267 267 267 267 267 267 267 267 267 267 267 267 484 484 484 484 484 484 484 484 484 484 484 269 269 269 269 269 269 269 269 269 68 68 68 68 68 68 68 68 77 77 77 77 77 77 77 77 77 77 77 77 77 401 401 401 401 401 401 401 401 77 77 77 77 77 77 77 77 77 77 77 77 77 77 288 295 295 295 295 295 295 295 295 295 295 295 295 295
254 254 254 254 267 267 267 267 267 267 267 267 267 267 267 267 267 267 267 484 484 484 484 484 484 484 484 484 484 484 269 269 269 269 269 269 269 269 269 68 68 68 68 68 68 68 68 77 77 77 77 77 77 77 77 77 77 77 77 77 77 401 401 401 401 401 401 401 401 77 77 77 288 77 288 288 288 288 288 288 288 288 288 295 295 295 295 295 295 295 295 295 295 295 295 295
254 254 254 254 261 267 267 267 267 267 267 267 267 267 267 267 267 267 267 484 484 484 484 484 484 484 484 484 484 484 269 269 269 269 269 269 269 269 269 269 68 68 68 68 68 68 68 77 77 77 77 77 77 77 77 77 77 77 77 77 77 77 77 77 401 401 401 401 401 77 288 288 288 288 288 288 288 288 288 288 288 288 288 295 295 295 295 295 295 295 295 295 295 295 295 295
254 254 254 261 261 267 267 267 267 267 267 267 267 267 267 267 267 267 267 484 484 484 484 484 484 484 484 484 484 484 269 269 269 269 269 269 269 269 269 269 269 68 68 68 68 68 68 77 77 77 77 77 77 77 77 77 77 77 77 77 77 77 77 77 77 77 401 401 401 401 288 288 288 288 288 288 288 288 288 288 288 288 288 295 295 295 295 295 295 295 295 295 295 295 295 295
254 254 254 261 261 261 267 267 267 267 267 267 267 267 267 267 267 267 267 484 484 484 484 484 484 484 484 484 484 484 269 269 269 269 269 269 269 269 269 269 269 269 269 68 68 68 68 68 77 77 77 77 77 77 77 73 73 73 73 77 77 77 77 77 77 77 401 401 401 401 288 288 288 288 288 288 288 288 288 288 288 288 288 288 295 295 295 295 295 295 295 295 295 295 295 295
254 254 261 261 261 261 267 267 267 267 267 267 267 267 267 267 267 267 267 267 484 484 484 484 484 484 484 484 484 484 484 269 269 269 269 269 269 269 269 269 269 269 269 269 68 68 68 71 71 71 71 73 73 73 73 73 73 73 73 73 77 77 77 77 77 77 77 401 401 401 401 288 288 288 288 288 288 288 288 288 288 288 288 288 295 295 295 295 295 295 295 295 295 295 295 295
254 261 261 261 261 261 267 267 267 267 267 267 267 267 267 267 267 267 267 267 484 484 484 484 484 484 484 484 484 484 484 269 269 269 269 269 269 269 269 269 269 269 269 269 269 68 71 71 71 71 71 73 73 73 73 73 73 73 73 73 73 77 77 77 77 77 77 401 401 401 401 401 288 288 288 288 288 288 288 288 288 288 288 288 295 295 295 295 295 295 295 295 295 295 295 295
261 261 261 261 261 261 267 267 267 267 267 267 267 267 267 267 267 267 267 267 484 484 484 484 484 484 484 484 484 484 484 484 269 269 269 269 269 269 269 269 269 269 269 269 269 272 272 71 71 71 71 71 73 73 73 73 73 73 73 73 73 73 77 77 77 77 77 287 401 401 401 401 288 288 288 288 288 288 288 288 288 288 288 288 295 295 295 295 295 295 295 295 295 295 295 295
261 261 261 261 261 267 267 267 267 267 267 267 267 267 267 267 267 267 267 267 267 484 484 484 484 484 484 484 484 484 484 484 484 269 269 269 269 269 269 269 269 269 269 269 272 272 272 272 272 272 71 71 71 73 73 73 73 73 73 73 73 73 73 77 77 77 287 287 287 401 401 401 401 401 288 288 288 288 288 288 288 288 288 288 295 295 295 295 295 295 295 295 295 295 295 295
261 261 261 261 267 267 267 267 267 267 267 267 267 267 267 267 267 267 267 267 267 484 484 484 484 484 484 484 484 484 484 484 484 484 269 269 269 269 269 269 269 269 269 272 272 272 272 272 272 272 272 272 272 272 73 73 73 73 73 73 73 73 73 73 73 276 287 287 287 401 401 401 401 401 401 401 401 401 288 288 288 288 288 288 295 295 295 295 295 295 295 295 295 295 295 295
462 462 462 462 267 267 267 267 267 267 267 267 267 267 267 267 267 267 267 267 267 484 484 484 484 484 484 484 484 484 484 484 484 484 484 484 484 484 269 269 269 269 272 272 272 272 272 272 272 272 272 272 272 272 272 276 276 276 73 73 73 73 73 276 276 276 276 276 276 287 401 401 401 401 401 401 401 401 401 401 288 288 288 288 295 295 295 295 295 295 295 295 295 295 295 295
462 462 462 462 462 267 267 267 267 267 267 267 267 267 267 267 267 267 267 267 267 484 484 484 484 484 484 484 484 484 484 484 484 484 484 484 484 484 484 269 269 269 272 272 272 272 272 272 272 272 272 272 272 272 272 276 276 276 73 73 73 73 73 276 276 276 276 276 276 276 276 289 401 401 401 401 401 401 401 401 401 288 288 288 295 295 295 295 295 295 295 295 295 84 84 84
462 462 462 462 462 462 267 267 267 267 267 267 267 267 267 267 267 267 267 267 267 484 484 484 484 484 484 484 484 484 484 484 484 484 484 484 484 484 484 484 269 272 272 272 272 272 272 272 272 272 272 272 272 272 272 276 276 276 73 73 73 73 73 276 276 276 276 276 276 276 276 276 276 290 290 290 401 401 401 401 401 288 288 288 295 295 295 84 84 84 84 84 84 84 84 84
462 462 462 462 462 462 65 65 65 65 65 65 65 65 65 65 65 65 267 267 267 65 484 484 484 484 484 484 484 484 484 484 484 484 484 484 484 484 484 484 484 272 272 272 272 272 272 272 272 272 272 272 272 272 272 276 276 276 73 73 73 73 73 276 276 276 276 276 276 276 276 276 276 290 290 290 290 290 401 401 401 401 288 288 84 84 84 84 84 84 84 84 84 84 84 84
462 462 462 462 462 462 462 462 65 65 65 65 65 65 65 65 65 65 65 65 65 65 484 484 484 484 484 484 484 484 484 484 484 484 484 484 484 484 484 484 484 484 272 272 272 272 272 272 272 272 272 272 272 272 272 276 276 276 276 276 276 276 276 276 276 276 276 276 276 276 276 276 276 290 485 485 485 485 485 485 485 485 485 485 485 485 84 84 84 485 485 485 485 485 485 485
462 462 462 462 462 462 462 462 462 462 462 65 65 65 65 65 65 65 65 65 65 65 65 484 484 484 484 484 484 484 484 484 484 484 484 484 484 484 484 484 484 484 484 484 484 484 484 484 272 272 272 272 272 272 272 276 276 276 276 276 276 276 276 276 276 276 276 276 276 276 276 485 485 485 485 485 485 485 485 485 485 485 485 485 485 485 485 485 485 485 485 485 485 485 485 485
462 462 462 462 462 462 462 462 462 462 462 462 462 462 462 462 462 462 65 65 65 65 65 65 484 484 484 484 484 484 484 484 484 484 484 484 484 484 484 484 484 484 484 484 484 484 484 484 484 272 272 272 272 272 272 276 276 276 276 276 276 276 276 276 276 276 276 276 276 485 485 485 485 485 485 485 485 485 485 485 485 485 485 485 485 485 485 485 485 485 485 485 485 485 485 485
462 462 462 462 462 462 462 462 462 462 462 462 462 462 462 462 462 462 462 462 462 462 462 462 462 484 484 484 484 484 484 484 484 484 484 484 484 484 484 484 484 484 484 484 484 484 484 484 484 484 484 484 484 484 484 276 276 276 276 276 276 276 276 276 485 485 485 485 485 485 485 485 485 485 485 485 485 485 485 485 485 485 485 485 485 485 485 485 485 485 485 485 485 485 485 485
462 462 462 462 462 462 462 462 462 462 462 462 462 462 462 462 462 462 462 462 462 462 462 462 462 462 484 484 484 484 484 484 484 484 484 484 484 484 484 484 484 484 484 484 484 484 484 484 484 484 484 484 484 484 484 484 484 484 484 484 484 484 484 484 485 485 485 485 485 485 485 485 485 485 485 485 485 485 485 485 485 485 485 485 485 485 485 485 485 485 485 485 485 485 485 485
58 462 462 462 462 462 462 462 462 462 462 462 462 462 462 462 462 462 462 462 462 462 462 462 462 462 462 462 462 462 484 484 484 484 484 484 484 484 484 484 484 484 484 484 484 484 484 484 484 484 484 484 484 484 484 484 484 484 484 484 484 484 484 484 485 485 485 485 485 485 485 485 485 485 485 485 485 485 485 485 485 485 485 485 485 485 485 485 485 485 485 485 485 485 485 485
58 58 58 462 462 462 462 462 462 462 462 462 462 462 462 462 462 462 462 462 462 462 462 462 462 462 462 462 462 462 462 484 484 484 484 484 484 484 484 484 484 484 484 484 484 484 484 484 484 484 484 484 484 484 484 484 484 484 484 484 484 484 484 484 485 485 485 485 485 485 485 485 485 485 485 485 485 485 485 485 485 485 485 485 485 485 485 485 485 485 485 485 485 485 485 485
58 58 58 63 63 63 462 462 462 462 462 462 462 462 462 462 462 462 462 462 462 462 462 462 462 462 462 462 462 462 462 462 484 484 484 484 484 484 484 484 484 484 484 484 484 484 484 484 484 484 484 484 484 484 484 484 484 484 484 484 484 484 484 484 485 485 485 485 485 485 485 485 485 485 485 485 485 485 485 485 485 485 485 485 485 485 485 485 485 485 485 485 485 485 485 485
58 58 58 63 63 63 63 63 63 63 63 63 63 462 462 462 462 462 462 462 462 462 462 462 462 462 462 462 462 462 462 462 462 484 484 484 484 484 484 484 484 484 484 484 484 484 484 484 484 484 484 484 484 484 484 484 484 484 484 484 484 484 484 484 485 485 485 485 485 485 485 485 485 485 485 485 485 485 485 485 485 485 485 485 485 485 485 485 485 485 485 485 485 485 485 485
58 58 58 63 63 63 63 63 63 63 63 63 63 268 268 268 268 462 462 462 462 462 462 462 462 462 462 462 462 462 462 462 462 462 484 484 484 484 484 484 484 484 484 484 484 484 484 484 484 484 484 484 484 484 484 484 484 484 484 484 484 484 484 484 485 485 485 485 485 485 485 485 485 485 485 485 485 485 485 485 485 485 485 485 485 485 485 485 485 485 485 485 485 485 485 485
58 58 58 63 63 63 63 63 63 63 63 63 63 268 268 268 268 268 268 268 268 268 66 66 66 66 66 66 66 66 66 66 66 66 66 70 70 70 70 70 484 484 484 484 484 484 484 484 484 484 484 484 484 484 484 484 484 484 484 484 484 484 484 484 485 485 485 485 485 485 485 485 485 485 485 485 485 485 485 78 78 78 78 78 85 85 296 296 296 296 296 296 296 296 296 296
58 58 58 63 63 63 63 63 63 63 63 63 63 268 268 268 268 268 268 268 268 268 268 268 66 66 66 66 66 66 66 66 66 66 66 70 70 70 70 70 70 484 484 484 484 484 484 484 484 484 484 484 484 484 484 484 484 484 484 484 484 484 484 484 485 485 485 485 485 485 485 485 485 485 485 485 485 78 78 78 78 78 78 78 85 296 296 296 296 296 296 296 296 296 296 296
58 58 58 63 63 63 63 63 63 63 63 63 268 268 268 268 268 268 268 268 268 268 268 268 268 268 268 268 268 268 268 268 268 268 268 70 70 70 70 70 70 70 484 484 484 484 484 484 484 484 484 484 484 484 484 484 484 484 484 484 484 484 484 484 484 484 484 484 484 484 484 484 403 403 403 74 78 78 78 78 78 78 78 78 85 296 296 296 296 296 296 296 296 296 296 296
58 58 63 63 63 63 63 63 63 63 63 63 268 268 268 268 268 268 268 268 268 268 268 268 268 268 268 268 268 268 268 268 268 268 268 271 271 271 271 271 271 271 70 70 70 70 70 70 484 484 484 484 484 484 484 484 484 484 484 484 484 72 72 72 72 72 72 72 72 72 72 403 403 403 403 74 74 78 78 78 291 291 291 291 296 296 296 296 296 296 296 296 296 296 296 296
58 63 63 63 63 63 63 63 63 63 63 63 63 63 63 268 268 268 268 268 268 268 268 268 268 268 268 268 268 268 268 268 268 268 271 271 271 271 271 271 271 271 271 271 70 70 70 70 399 399 399 72 72 72 72 72 72 72 72 72 72 72 72 72 72 72 72 72 72 72 72 403 403 403 403 74 74 74 291 291 291 291 291 291 296 296 296 296 296 296 296 296 296 296 296 296
58 63 63 63 63 63 63 63 63 63 63 63 63 63 63 63 63 63 268 268 268 268 268 268 268 268 268 268 268 268 268 268 268 268 271 271 271 271 271 271 271 271 271 271 271 271 271 271 399 399 399 274 274 274 274 274 274 274 72 72 72 72 72 72 72 72 72 72 72 72 403 403 403 403 74 74 278 278 278 291 291 291 291 291 296 296 296 296 296 296 296 296 296 296 296 296
58 63 63 63 63 63 63 63 63 63 63 63 63 63 63 63 63 63 63 63 268 268 268 268 268 268 268 268 268 268 268 268 268 268 271 271 271 271 271 271 271 271 271 271 271 271 271 271 399 399 399 274 274 274 274 274 274 274 274 274 72 72 72 72 72 72 72 72 72 403 403 403 403 403 74 278 278 278 278 291 291 291 291 291 291 296 296 296 296 296 296 296 296 296 296 296
58 63 63 63 63 63 63 63 63 63 63 63 63 63 63 63 63 63 63 63 63 63 63 63 63 63 63 63 63 63 268 268 268 268 271 271 271 271 271 271 271 271 271 271 271 271 271 399 399 399 399 274 274 274 274 274 274 274 274 274 72 72 72 72 72 72 72 72 72 403 403 403 403 278 278 278 278 278 278 291 291 291 291 291 291 296 296 296 296 296 296 296 296 296 296 296
58 63 63 63 63 63 63 63 63 63 63 63 63 63 63 63 63 63 63 63 63 63 63 63 63 63 63 63 63 63 63 63 63 63 69 69 69 271 271 271 271 271 271 271 271 271 399 399 399 399 399 274 274 274 274 274 274 274 274 274 72 72 72 72 72 72 72 72 403 403 403 403 278 278 278 278 278 278 278 291 291 291 291 291 291 296 296 296 296 296 296 296 296 296 296 296
58 63 63 63 63 63 63 63 63 63 63 63 63 63 63 63 63 63 63 63 63 63 63 63 63 63 63 63 63 63 63 63 63 63 69 69 69 69 69 69 271 271 271 271 271 271 399 399 399 399 273 274 274 274 274 274 274 274 274 274 72 72 72 72 72 72 72 72 403 403 403 403 278 278 278 278 278 278 75 79 79 79 79 79 291 296 296 296 296 296 296 296 296 296 296 296
58 63 63 63 63 63 63 63 63 63 63 63 63 63 63 63 63 63 63 63 63 63 63 63 63 63 63 63 63 63 63 63 63 63 69 69 69 69 69 69 69 69 271 271 271 399 399 399 399 273 273 274 274 274 274 274 274 274 274 274 72 72 72 72 72 72 72 277 403 403 403 278 278 278 75 278 278 75 75 75 79 79 79 79 291 291 296 296 296 296 296 296 296 296 296 296
58 63 63 63 63 63 63 63 63 63 63 63 63 63 63 63 63 63 63 63 63 63 63 63 63 63 63 63 63 63 63 63 63 63 69 69 69 69 69 69 69 69 69 69 271 399 399 399 399 273 273 274 274 274 274 274 274 274 72 72 72 72 72 72 72 72 72 277 403 403 403 278 278 278 75 278 75 75 75 75 75 79 79 291 291 291 296 296 296 296 296 296 296 296 296 296
58 63 63 63 63 63 63 63 63 63 63 63 63 63 63 63 63 63 63 63 63 63 63 63 63 63 63 63 63 63 63 63 63 69 69 69 69 69 69 69 69 69 69 69 399 399 399 399 273 273 273 274 274 274 274 274 274 72 72 72 72 72 72 72 72 72 72 277 403 403 403 278 278 278 75 75 75 75 75 75 75 75 79 291 291 291 291 296 296 296 296 296 296 296 296 296
58 63 63 63 63 63 63 63 63 63 63 63 63 63 63 63 63 63 63 63 63 63 63 63 63 63 63 63 63 63 63 63 63 69 69 69 69 69 69 69 69 69 69 399 399 399 399 399 69 273 273 274 72 72 72 72 72 72 72 72 72 72 72 72 72 72 72 277 403 403 403 278 278 278 75 280 280 75 75 75 75 278 278 291 291 291 291 296 296 296 296 296 296 296 296 296
58 63 63 63 63 63 63 63 63 63 63 63 63 63 63 63 63 63 63 63 63 63 63 63 63 63 63 63 63 63 63 63 63 69 69 69 69 69 69 69 69 69 399 399 399 399 399 69 69 69 69 72 72 72 72 72 72 72 72 72 72 72 72 72 72 72 72 277 403 403 403 278 278 278 75 75 75 75 75 75 75 75 75 278 291 291 291 296 296 296 296 296 296 296 296 296
58 63 63 63 63 63 63 63 63 63 63 63 63 63 63 63 63 63 63 63 63 63 63 63 63 63 63 63 63 63 63 63 63 69 69 69 69 69 69 69 69 69 399 399 399 399 69 69 69 69 69 72 72 72 72 72 72 72 72 72 72 72 72 72 72 72 72 277 403 403 403 278 278 278 75 75 75 75 75 75 75 75 75 278 291 291 291 296 296 296 296 296 296 86 86 86
58 63 63 63 63 63 63 63 63 63 63 63 63 63 63 63 63 63 63 63 63 63 63 63 63 63 63 63 63 63 63 63 63 69 69 69 69 69 69 69 69 399 399 399 399 69 69 69 69 69 69 72 72 72 72 72 72 72 72 72 72 72 72 72 72 72 72 277 403 403 403 403 278 278 278 278 75 75 75 75 75 278 278 278 291 291 291 291 296 296 296 296 86 86 86 86
